  45   45     1      1   1.232593     0.000000     0.495186   0.398852     0.000000     0.004140     0.016211   2.146982
  45   45     1      1   1.214737     0.000000     0.201400   0.008004     0.000000     0.000090     0.008690   1.432922
  45   45     1      1   0.090499     0.000000     0.011156   0.005316     0.000000     0.000039     0.001614   0.108624
  45   45     1      1   1.213341     0.000000     0.489771   0.399691     0.000000     0.004082     0.017534   2.124419
  45   45     1      1   1.212112     0.000000     0.200724   0.007989     0.000000     0.000090     0.012363   1.433278
  45   45     1      1   0.086175     0.000000     0.011272   0.005274     0.000000     0.000037     0.001977   0.104735
  32   32     2      1   0.467375     0.016110     0.385046   0.324237     0.037702     0.004069     0.028178   1.262717
  32   32     2      1   0.795460     0.000169     0.143413   0.006210     0.000860     0.000080     0.009333   0.955524
  32   32     2      1   0.046228     0.000063     0.009883   0.003840     0.000314     0.000066     0.001123   0.061518
  32   32     2      1   0.493798     0.007520     0.373626   0.327371     0.039463     0.004331     0.016314   1.262424
  32   32     2      1   0.797341     0.000161     0.143225   0.006172     0.000813     0.000077     0.007876   0.955665
  32   32     2      1   0.048589     0.000072     0.009668   0.003854     0.000281     0.000046     0.000980   0.063490
  22   22     4      1   0.273117     0.016746     0.294417   0.240658     0.067297     0.003834     0.079575   0.975645
  22   22     4      1   0.482724     0.000405     0.106367   0.004139     0.001390     0.000088     0.001820   0.596933
  22   22     4      1   0.034352     0.000135     0.007250   0.002683     0.000492     0.000034     0.000782   0.045728
  22   22     4      1   0.314223     0.013600     0.297045   0.242993     0.067443     0.004267     0.021746   0.961318
  22   22     4      1   0.495778     0.000293     0.106161   0.004143     0.001387     0.000086     0.001776   0.609624
  22   22     4      1   0.037563     0.000119     0.007056   0.002694     0.000473     0.000034     0.000711   0.048650
  16   16     8      1   0.163636     0.026789     0.202537   0.185041     0.101286     0.005886     0.084481   0.769656
  16   16     8      1   0.221524     0.000420     0.073649   0.003221     0.001892     0.000088     0.011548   0.312342
  16   16     8      1   0.025476     0.000218     0.005224   0.001891     0.000765     0.000026     0.001519   0.035118
  16   16     8      1   0.183143     0.025117     0.202977   0.174085     0.100008     0.005985     0.050640   0.741955
  16   16     8      1   0.206580     0.000347     0.073666   0.003168     0.001903     0.000081     0.013891   0.299635
  16   16     8      1   0.025378     0.000191     0.005158   0.001931     0.000788     0.000025     0.000701   0.034172
  11   11    16      1   0.149470     0.059510     0.152970   0.137357     0.129580     0.003161     0.102560   0.734608
  11   11    16      1   0.170323     0.000711     0.054437   0.002765     0.002579     0.000117     0.028447   0.259380
  11   11    16      1   0.024336     0.000338     0.003854   0.001436     0.001077     0.000021     0.001809   0.032871
  11   11    16      1   0.155539     0.045967     0.154729   0.136360     0.134282     0.008063     0.071649   0.706588
  11   11    16      1   0.183289     0.000833     0.054506   0.002738     0.002614     0.000110     0.001481   0.245571
  11   11    16      1   0.025658     0.000324     0.003737   0.001425     0.001076     0.000024     0.001644   0.033888
  26   26     1      3   0.674903     0.000000     0.361505   0.217051     0.000000     0.004321     0.025070   1.282850
  26   26     1      3   0.601343     0.000000     0.125437   0.004033     0.000000     0.000106     0.006753   0.737672
  26   26     1      3   0.071746     0.000000     0.012074   0.002512     0.000000     0.000038     0.000862   0.087232
  26   26     1      3   0.660683     0.000000     0.353579   0.219642     0.000000     0.004337     0.018825   1.257066
  26   26     1      3   0.599640     0.000000     0.121655   0.004114     0.000000     0.000106     0.006533   0.732048
  26   26     1      3   0.059830     0.000000     0.012085   0.002508     0.000000     0.000035     0.000840   0.075298
  18   18     2      3   0.330050     0.042711     0.269197   0.204585     0.051167     0.007813     0.053917   0.959440
  18   18     2      3   0.411386     0.000442     0.090349   0.003581     0.000829     0.000116     0.018145   0.524848
  18   18     2      3   0.048284     0.000142     0.008865   0.002063     0.000284     0.000043     0.007767   0.067448
  18   18     2      3   0.389764     0.039249     0.272827   0.206260     0.051535     0.007614     0.055471   1.022720
  18   18     2      3   0.437180     0.000322     0.091040   0.003575     0.000828     0.000123     0.013223   0.546291
  18   18     2      3   0.039140     0.000093     0.008752   0.002066     0.000291     0.000047     0.001153   0.051542
  13   13     4      3   0.196012     0.056532     0.199862   0.169583     0.072424     0.006129     0.104076   0.804618
  13   13     4      3   0.222595     0.000712     0.065045   0.002892     0.001248     0.000105     0.002473   0.295070
  13   13     4      3   0.026533     0.000240     0.006327   0.001511     0.000389     0.000030     0.001725   0.036756
  13   13     4      3   0.198998     0.058164     0.200128   0.168373     0.072211     0.006814     0.056745   0.761433
  13   13     4      3   0.205342     0.000597     0.064242   0.002883     0.001250     0.000102     0.015935   0.290351
  13   13     4      3   0.026742     0.000212     0.006398   0.001556     0.000388     0.000032     0.000466   0.035794
   9    9     8      3   0.160179     0.090462     0.141258   0.144640     0.088344     0.004204     0.130420   0.759507
   9    9     8      3   0.128566     0.001340     0.046675   0.002515     0.001828     0.000106     0.014499   0.195529
   9    9     8      3   0.027777     0.000418     0.003916   0.001205     0.000641     0.000027     0.004113   0.038097
   9    9     8      3   0.149411     0.089287     0.144492   0.144802     0.085822     0.005648     0.136720   0.756182
   9    9     8      3   0.092804     0.001105     0.046726   0.002572     0.001847     0.000113     0.030988   0.176154
   9    9     8      3   0.032163     0.000349     0.003927   0.001204     0.000644     0.000028     0.001027   0.039342
   6    6    16      3   0.059377     0.124388     0.113972   0.098128     0.127106     0.004006     0.167646   0.694623
   6    6    16      3   0.100675     0.001791     0.035974   0.002119     0.002629     0.000118     0.033123   0.176429
   6    6    16      3   0.016787     0.000509     0.002955   0.000817     0.000900     0.000022     0.004604   0.026594
   6    6    16      3   0.139445     0.113629     0.113960   0.095377     0.131647     0.004827     0.084435   0.683320
   6    6    16      3   0.127624     0.001545     0.037345   0.002084     0.002631     0.000126     0.002068   0.173423
   6    6    16      3   0.018505     0.000505     0.002947   0.000804     0.000891     0.000024     0.002830   0.026506
  18   18     1      6   0.606387     0.000000     0.301878   0.173631     0.000000     0.005996     0.045508   1.133400
  18   18     1      6   0.435280     0.000000     0.091327   0.003477     0.000000     0.000413     0.017809   0.548306
  18   18     1      6   0.106140     0.000000     0.015129   0.001876     0.000000     0.000043     0.001726   0.124914
  18   18     1      6   0.542079     0.000000     0.289680   0.175077     0.000000     0.007928     0.027849   1.042613
  18   18     1      6   0.421595     0.000000     0.091568   0.003301     0.000000     0.000118     0.015451   0.532033
  18   18     1      6   0.063980     0.000000     0.012089   0.001803     0.000000     0.000035     0.001267   0.079174
  13   13     2      6   0.242452     0.078702     0.214734   0.175342     0.053256     0.007616     0.058052   0.830154
  13   13     2      6   0.227433     0.001576     0.066814   0.003019     0.001358     0.000381     0.013888   0.314469
  13   13     2      6   0.051622     0.000268     0.009607   0.001528     0.000511     0.000037     0.001124   0.064696
  13   13     2      6   0.243481     0.074378     0.216405   0.149001     0.047270     0.009835     0.044471   0.784841
  13   13     2      6   0.249999     0.000753     0.065349   0.002801     0.000780     0.000124     0.004036   0.323842
  13   13     2      6   0.038659     0.000232     0.008444   0.001380     0.000241     0.000039     0.000731   0.049727
   9    9     4      6   0.158419     0.148316     0.165495   0.153681     0.069664     0.008187     0.122138   0.825900
   9    9     4      6   0.131524     0.002320     0.048801   0.002489     0.001408     0.000367     0.019961   0.206870
   9    9     4      6   0.036817     0.000429     0.005919   0.001182     0.000363     0.000036     0.001882   0.046628
   9    9     4      6   0.225146     0.125262     0.166152   0.138740     0.066102     0.006117     0.073172   0.800691
   9    9     4      6   0.103464     0.001750     0.049982   0.002437     0.001248     0.000114     0.019470   0.178465
   9    9     4      6   0.033093     0.000428     0.005149   0.001115     0.000367     0.000034     0.000774   0.040960
   6    6     8      6   0.099965     0.153593     0.135571   0.119860     0.101364     0.008476     0.120946   0.739775
   6    6     8      6   0.121586     0.003348     0.042353   0.002256     0.002472     0.000154     0.019187   0.191356
   6    6     8      6   0.021013     0.000707     0.003745   0.000756     0.000589     0.000028     0.003198   0.030036
   6    6     8      6   0.125133     0.145720     0.166875   0.108150     0.105357     0.009529     0.043630   0.704394
   6    6     8      6   0.125793     0.002227     0.038399   0.002140     0.002014     0.000150     0.015923   0.186646
   6    6     8      6   0.022776     0.000564     0.003786   0.000768     0.000585     0.000030     0.000542   0.029051
   4    4    16      6   0.034519     0.182248     0.119017   0.129338     0.143596     0.007434     0.187194   0.803346
   4    4    16      6   0.125989     0.005776     0.030833   0.002081     0.003026     0.000446     0.022021   0.190172
   4    4    16      6   0.010613     0.001367     0.002949   0.000686     0.000851     0.000027     0.002084   0.018577
   4    4    16      6   0.078662     0.172130     0.173667   0.128248     0.150360     0.008832     0.067917   0.779816
   4    4    16      6   0.120838     0.003678     0.033278   0.002119     0.002838     0.000140     0.022023   0.184914
   4    4    16      6   0.010388     0.000941     0.002824   0.000637     0.000845     0.000028     0.001012   0.016675
  13   13     1     12   0.486430     0.000000     0.237598   0.148908     0.000000     0.010148     0.036133   0.919218
  13   13     1     12   0.299995     0.000000     0.067537   0.002744     0.000000     0.000128     0.009771   0.380175
  13   13     1     12   0.096631     0.000000     0.012491   0.001354     0.000000     0.000145     0.002113   0.112733
  13   13     1     12   0.380526     0.000000     0.237690   0.140441     0.000000     0.010402     0.030192   0.799251
  13   13     1     12   0.279325     0.000000     0.071274   0.004156     0.000000     0.000531     0.008842   0.364128
  13   13     1     12   0.092890     0.000000     0.015638   0.001269     0.000000     0.000040     0.001496   0.111333
   9    9     2     12   0.287147     0.175595     0.210356   0.178676     0.070202     0.010502     0.109924   1.042402
   9    9     2     12   0.195672     0.003769     0.057884   0.002747     0.001470     0.000210     0.010915   0.272667
   9    9     2     12   0.040108     0.000765     0.008371   0.001249     0.000730     0.000050     0.001564   0.052837
   9    9     2     12   0.279227     0.192567     0.225803   0.146846     0.052018     0.010736     0.077318   0.984515
   9    9     2     12   0.174874     0.004079     0.052529   0.002883     0.001110     0.000490     0.011383   0.247348
   9    9     2     12   0.043260     0.000450     0.010407   0.001111     0.000229     0.000048     0.003192   0.058697
   6    6     4     12   0.189967     0.183607     0.153896   0.158984     0.096838     0.011109     0.315316   1.109717
   6    6     4     12   0.138498     0.005177     0.041772   0.002711     0.002310     0.000497     0.025667   0.216632
   6    6     4     12   0.025601     0.001345     0.005882   0.000831     0.000423     0.000035     0.002405   0.036522
   6    6     4     12   0.237087     0.178399     0.203291   0.144571     0.101620     0.011022     0.062863   0.938853
   6    6     4     12   0.169162     0.005037     0.041799   0.002495     0.002113     0.000261     0.008259   0.229126
   6    6     4     12   0.023789     0.001284     0.005568   0.000970     0.000945     0.000063     0.001716   0.034335
   4    4     8     12   0.043498     0.196548     0.170252   0.174155     0.148184     0.012433     0.402358   1.147428
   4    4     8     12   0.153588     0.008959     0.037154   0.002893     0.002980     0.000323     0.024121   0.230018
   4    4     8     12   0.011386     0.001254     0.004162   0.000701     0.000615     0.000038     0.006303   0.024459
   4    4     8     12   0.141645     0.211955     0.183186   0.143229     0.137495     0.012250     0.115185   0.944945
   4    4     8     12   0.165900     0.008507     0.037246   0.002327     0.002849     0.000498     0.020159   0.237486
   4    4     8     12   0.014850     0.001212     0.004077   0.000716     0.000653     0.000034     0.004966   0.026507
   3    3    16     12   0.035532     0.215354     0.138818   0.147229     0.136379     0.010708     0.213830   0.897849
   3    3    16     12   0.109896     0.009303     0.023621   0.002337     0.003288     0.000469     0.007714   0.156628
   3    3    16     12   0.007279     0.001413     0.002739   0.000546     0.000816     0.000113     0.004524   0.017430
   3    3    16     12   0.048949     0.178326     0.181193   0.147069     0.134325     0.010831     0.114940   0.815633
   3    3    16     12   0.099691     0.006818     0.026425   0.003845     0.002693     0.000448     0.017212   0.157132
   3    3    16     12   0.008920     0.001751     0.002608   0.000530     0.000743     0.000037     0.002193   0.016782
