  90   90     1      1   1.027864     0.000000     0.186644   0.184844     0.000000     0.001513     0.022746   1.423611
  90   90     1      1   0.955866     0.000000     0.101225   0.003528     0.000000     0.000029     0.002008   1.062656
  90   90     1      1   0.107399     0.000000     0.005953   0.003130     0.000000     0.000019     0.001147   0.117647
  90   90     1      1   0.994648     0.000000     0.185826   0.184559     0.000000     0.001518     0.023924   1.390474
  90   90     1      1   0.946084     0.000000     0.100966   0.003565     0.000000     0.000031     0.002678   1.053325
  90   90     1      1   0.139092     0.000000     0.005912   0.003100     0.000000     0.000019     0.003007   0.151129
  64   64     2      1   0.379241     0.003877     0.137258   0.140735     0.010918     0.001200     0.097083   0.770312
  64   64     2      1   0.481491     0.000060     0.071059   0.002648     0.000257     0.000033     0.002272   0.557819
  64   64     2      1   0.098284     0.000043     0.004172   0.002235     0.000125     0.000013     0.003958   0.108829
  64   64     2      1   0.466149     0.004826     0.139080   0.139488     0.010995     0.001202     0.009413   0.771153
  64   64     2      1   0.554610     0.000070     0.071011   0.002684     0.000255     0.000028     0.003296   0.631954
  64   64     2      1   0.144513     0.000039     0.004068   0.002209     0.000122     0.000014     0.003093   0.154058
  45   45     4      1   0.237013     0.010949     0.101714   0.107552     0.019418     0.001040     0.157824   0.635510
  45   45     4      1   0.236273     0.000151     0.050832   0.001981     0.000430     0.000022     0.020617   0.310307
  45   45     4      1   0.026692     0.000077     0.003452   0.001560     0.000219     0.000012     0.016234   0.048246
  45   45     4      1   0.206870     0.009256     0.100433   0.107696     0.018637     0.001036     0.017424   0.461352
  45   45     4      1   0.208676     0.000158     0.050819   0.001969     0.000416     0.000025     0.048507   0.310570
  45   45     4      1   0.031919     0.000057     0.003423   0.001562     0.000206     0.000011     0.001728   0.038906
  32   32     8      1   0.102752     0.009863     0.077118   0.082645     0.029124     0.000882     0.066414   0.368798
  32   32     8      1   0.136544     0.000213     0.036077   0.001436     0.000665     0.000020     0.049191   0.224146
  32   32     8      1   0.020007     0.000160     0.002727   0.001051     0.000339     0.000013     0.007586   0.031884
  32   32     8      1   0.109620     0.024772     0.076183   0.065254     0.029400     0.001365     0.026002   0.332596
  32   32     8      1   0.163099     0.000212     0.036072   0.001437     0.000655     0.000021     0.036989   0.238484
  32   32     8      1   0.021518     0.000136     0.002480   0.001066     0.000342     0.000011     0.000859   0.026411
  22   22    16      1   0.082862     0.018896     0.057303   0.052881     0.043111     0.000922     0.074249   0.330223
  22   22    16      1   0.064727     0.000415     0.026485   0.001027     0.000855     0.000022     0.076391   0.169922
  22   22    16      1   0.014612     0.000360     0.001810   0.000705     0.000471     0.000010     0.016254   0.034222
  22   22    16      1   0.119892     0.020038     0.057836   0.048275     0.043083     0.001795     0.031226   0.322144
  22   22    16      1   0.092683     0.000367     0.026486   0.001005     0.000851     0.000022     0.065000   0.186414
  22   22    16      1   0.020345     0.000130     0.001780   0.000702     0.000480     0.000017     0.000810   0.024264
  52   52     1      3   0.546753     0.000000     0.141657   0.112273     0.000000     0.001258     0.007090   0.809031
  52   52     1      3   0.470062     0.000000     0.061754   0.002141     0.000000     0.000037     0.004513   0.538506
  52   52     1      3   0.087526     0.000000     0.007143   0.001695     0.000000     0.000019     0.002040   0.098423
  52   52     1      3   0.523852     0.000000     0.143068   0.111718     0.000000     0.001196     0.008420   0.788254
  52   52     1      3   0.509394     0.000000     0.061336   0.002215     0.000000     0.000044     0.002988   0.575977
  52   52     1      3   0.066032     0.000000     0.007174   0.001692     0.000000     0.000019     0.002467   0.077384
  36   36     2      3   0.247533     0.015347     0.108889   0.093945     0.010662     0.001242     0.054463   0.532081
  36   36     2      3   0.266871     0.000264     0.045240   0.001726     0.000250     0.000036     0.001618   0.316005
  36   36     2      3   0.055051     0.000189     0.005070   0.001275     0.000107     0.000018     0.024505   0.086214
  36   36     2      3   0.307888     0.007148     0.104362   0.093925     0.011077     0.001397     0.009573   0.535370
  36   36     2      3   0.281754     0.000133     0.045088   0.001713     0.000255     0.000036     0.001974   0.330953
  36   36     2      3   0.046946     0.000069     0.005101   0.001282     0.000111     0.000015     0.001958   0.055482
  26   26     4      3   0.118887     0.016480     0.077634   0.070575     0.020258     0.001522     0.055174   0.360530
  26   26     4      3   0.119381     0.000296     0.031593   0.001190     0.000391     0.000029     0.007086   0.159966
  26   26     4      3   0.035566     0.000143     0.003702   0.000866     0.000170     0.000016     0.008348   0.048811
  26   26     4      3   0.131617     0.012010     0.073123   0.064789     0.018004     0.001592     0.032969   0.334104
  26   26     4      3   0.118361     0.000302     0.031757   0.001204     0.000461     0.000031     0.017762   0.169878
  26   26     4      3   0.036357     0.000140     0.003649   0.000860     0.000178     0.000017     0.002308   0.043510
  18   18     8      3   0.139995     0.032324     0.058541   0.049065     0.026606     0.000930     0.068311   0.375772
  18   18     8      3   0.114897     0.000591     0.022693   0.000977     0.000616     0.000032     0.007735   0.147541
  18   18     8      3   0.046579     0.000255     0.002285   0.000656     0.000282     0.000015     0.012408   0.062480
  18   18     8      3   0.192578     0.016991     0.061905   0.052061     0.027770     0.001570     0.035585   0.388460
  18   18     8      3   0.121102     0.000418     0.022600   0.000978     0.000622     0.000033     0.007959   0.153712
  18   18     8      3   0.051188     0.000211     0.002337   0.000646     0.000283     0.000016     0.007380   0.062061
  13   13    16      3   0.079563     0.029665     0.041797   0.040173     0.031905     0.000722     0.044934   0.268759
  13   13    16      3   0.032041     0.000533     0.016202   0.000763     0.000732     0.000031     0.067058   0.117360
  13   13    16      3   0.029480     0.000278     0.001661   0.000468     0.000383     0.000012     0.006500   0.038782
  13   13    16      3   0.082440     0.027817     0.045921   0.033553     0.033628     0.001072     0.016385   0.240816
  13   13    16      3   0.039394     0.000483     0.016815   0.000768     0.000734     0.000031     0.019810   0.078035
  13   13    16      3   0.030151     0.000254     0.001589   0.000470     0.000385     0.000013     0.002221   0.035083
  36   36     1      6   0.568349     0.000000     0.122213   0.086873     0.000000     0.001469     0.010443   0.789347
  36   36     1      6   0.339791     0.000000     0.046637   0.001705     0.000000     0.000163     0.002240   0.390535
  36   36     1      6   0.105597     0.000000     0.008457   0.001478     0.000000     0.000019     0.002035   0.117586
  36   36     1      6   0.405825     0.000000     0.121024   0.086608     0.000000     0.001712     0.008445   0.623614
  36   36     1      6   0.380872     0.000000     0.046092   0.001662     0.000000     0.000039     0.001607   0.430272
  36   36     1      6   0.044547     0.000000     0.007360   0.001256     0.000000     0.000018     0.000864   0.054045
  26   26     2      6   0.173257     0.019808     0.090038   0.071463     0.016744     0.001569     0.050310   0.423189
  26   26     2      6   0.160793     0.000251     0.033381   0.001219     0.000261     0.000042     0.002143   0.198090
  26   26     2      6   0.044948     0.000099     0.005168   0.000851     0.000107     0.000027     0.009840   0.061040
  26   26     2      6   0.190504     0.011141     0.088414   0.064197     0.012322     0.002394     0.013613   0.382584
  26   26     2      6   0.159300     0.000247     0.032205   0.001250     0.000246     0.000037     0.004544   0.197830
  26   26     2      6   0.033565     0.000091     0.005234   0.000838     0.000107     0.000025     0.000501   0.040361
  18   18     4      6   0.109020     0.036818     0.064450   0.057925     0.018404     0.001781     0.070735   0.359133
  18   18     4      6   0.148136     0.000774     0.023924   0.001103     0.000668     0.000075     0.007093   0.181773
  18   18     4      6   0.050315     0.000146     0.003406   0.000669     0.000162     0.000019     0.001657   0.056374
  18   18     4      6   0.124678     0.038141     0.066716   0.055191     0.016804     0.001497     0.040703   0.343730
  18   18     4      6   0.090871     0.000534     0.023646   0.000972     0.000390     0.000040     0.016909   0.133362
  18   18     4      6   0.024546     0.000201     0.003352   0.000657     0.000162     0.000018     0.000387   0.029323
  13   13     8      6   0.099207     0.038615     0.048743   0.045045     0.025272     0.002104     0.051674   0.310660
  13   13     8      6   0.086638     0.001294     0.017408   0.000766     0.000543     0.000034     0.027607   0.134290
  13   13     8      6   0.053307     0.000636     0.002244   0.000457     0.000234     0.000014     0.004326   0.061217
  13   13     8      6   0.101719     0.024115     0.048244   0.043697     0.025820     0.001661     0.035948   0.281204
  13   13     8      6   0.081503     0.000694     0.016444   0.000793     0.000543     0.000037     0.006152   0.106166
  13   13     8      6   0.028961     0.000274     0.002260   0.000464     0.000246     0.000014     0.001471   0.033690
   9    9    16      6   0.075496     0.046380     0.051630   0.039012     0.034626     0.001637     0.042932   0.291713
   9    9    16      6   0.051976     0.002113     0.013533   0.000671     0.000711     0.000036     0.026555   0.095595
   9    9    16      6   0.022553     0.000604     0.001642   0.000379     0.000333     0.000013     0.006208   0.031733
   9    9    16      6   0.083606     0.040889     0.041860   0.038007     0.030710     0.001728     0.024121   0.260921
   9    9    16      6   0.106237     0.000858     0.012473   0.000655     0.000707     0.000033     0.001565   0.122528
   9    9    16      6   0.013347     0.000296     0.001648   0.000372     0.000330     0.000014     0.000594   0.016601
  26   26     1     12   0.344554     0.000000     0.100281   0.062644     0.000000     0.002835     0.015196   0.525510
  26   26     1     12   0.226841     0.000000     0.034486   0.001209     0.000000     0.000045     0.002801   0.265382
  26   26     1     12   0.103798     0.000000     0.007930   0.000880     0.000000     0.000020     0.002461   0.115089
  26   26     1     12   0.300264     0.000000     0.096885   0.061863     0.000000     0.002836     0.020384   0.482232
  26   26     1     12   0.394179     0.000000     0.034229   0.001264     0.000000     0.000198     0.002188   0.432058
  26   26     1     12   0.103155     0.000000     0.009942   0.001084     0.000000     0.000117     0.002560   0.116858
  18   18     2     12   0.373663     0.051116     0.072884   0.053692     0.014270     0.002865     0.051690   0.620180
  18   18     2     12   0.117440     0.001003     0.026042   0.001123     0.000749     0.000060     0.026403   0.172820
  18   18     2     12   0.046510     0.000297     0.005334   0.000735     0.000577     0.000025     0.006305   0.059783
  18   18     2     12   0.205310     0.046021     0.073452   0.054141     0.014648     0.002685     0.030006   0.426262
  18   18     2     12   0.141164     0.001048     0.025571   0.001005     0.000258     0.000044     0.030278   0.199368
  18   18     2     12   0.046833     0.000312     0.005147   0.000682     0.000607     0.000111     0.003743   0.057434
  13   13     4     12   0.105946     0.050216     0.053278   0.054623     0.021749     0.002744     0.138085   0.426641
  13   13     4     12   0.078570     0.001437     0.019688   0.000872     0.000486     0.000188     0.030181   0.131423
  13   13     4     12   0.040997     0.000893     0.004097   0.000597     0.000196     0.000120     0.003852   0.050752
  13   13     4     12   0.118208     0.046999     0.055160   0.055373     0.020705     0.002487     0.016006   0.314938
  13   13     4     12   0.069237     0.001263     0.018029   0.000924     0.000432     0.000190     0.018870   0.108945
  13   13     4     12   0.026178     0.000772     0.004222   0.000562     0.000603     0.000018     0.004438   0.036793
   9    9     8     12   0.102300     0.052471     0.047832   0.046371     0.028924     0.002448     0.037655   0.318001
   9    9     8     12   0.061112     0.002102     0.013562   0.000964     0.001132     0.000045     0.025362   0.104279
   9    9     8     12   0.021084     0.001114     0.002393   0.000449     0.000717     0.000016     0.002494   0.028267
   9    9     8     12   0.101393     0.056683     0.049382   0.038708     0.025302     0.002450     0.023013   0.296931
   9    9     8     12   0.061212     0.001628     0.014049   0.000798     0.000559     0.000042     0.016766   0.095054
   9    9     8     12   0.020795     0.001018     0.002509   0.000400     0.000232     0.000016     0.002377   0.027347
   6    6    16     12   0.036860     0.069486     0.044065   0.031235     0.037976     0.002846     0.263173   0.485641
   6    6    16     12   0.047727     0.001897     0.011737   0.000798     0.001285     0.000041     0.019470   0.082955
   6    6    16     12   0.012816     0.001771     0.001728   0.000289     0.000335     0.000014     0.002563   0.019516
   6    6    16     12   0.056931     0.067893     0.047675   0.032913     0.039696     0.002985     0.029314   0.277407
   6    6    16     12   0.044971     0.002071     0.010884   0.000574     0.000763     0.000042     0.019664   0.078969
   6    6    16     12   0.012954     0.001826     0.001623   0.000267     0.000335     0.000015     0.001014   0.018034
