 128  128     1      1   1.596261     0.000000     0.122913   0.132850     0.000000     0.000930     0.004093   1.857047
 128  128     1      1   1.537617     0.000000     0.071919   0.002655     0.000000     0.000021     0.002317   1.614530
 128  128     1      1   0.072923     0.000000     0.004586   0.002419     0.000000     0.000021     0.000983   0.080931
 128  128     1      1   1.533944     0.000000     0.122198   0.132688     0.000000     0.000949     0.003859   1.793637
 128  128     1      1   1.523229     0.000000     0.071970   0.002692     0.000000     0.000022     0.002467   1.600380
 128  128     1      1   0.138639     0.000000     0.004604   0.002422     0.000000     0.000023     0.004042   0.149730
  90   90     2      1   0.758219     0.001426     0.083969   0.096112     0.006323     0.000693     0.342820   1.289562
  90   90     2      1   0.784884     0.000046     0.050748   0.001808     0.000145     0.000014     0.002305   0.839951
  90   90     2      1   0.033372     0.000035     0.003196   0.001639     0.000089     0.000010     0.052944   0.091285
  90   90     2      1   1.204038     0.001140     0.088099   0.095769     0.006324     0.000684     0.019439   1.415493
  90   90     2      1   0.834207     0.000049     0.050750   0.001822     0.000147     0.000013     0.002950   0.889938
  90   90     2      1   0.033321     0.000035     0.003159   0.001639     0.000087     0.000010     0.000804   0.039055
  64   64     4      1   0.402106     0.006441     0.064014   0.071253     0.010548     0.000625     0.385518   0.940505
  64   64     4      1   0.555490     0.000103     0.036329   0.001373     0.000264     0.000014     0.003232   0.596805
  64   64     4      1   0.023358     0.000077     0.002696   0.001195     0.000156     0.000008     0.010598   0.038088
  64   64     4      1   0.519758     0.005295     0.063918   0.071007     0.010564     0.000637     0.008278   0.679457
  64   64     4      1   0.596433     0.000098     0.036392   0.001358     0.000267     0.000016     0.003908   0.638472
  64   64     4      1   0.024556     0.000076     0.002635   0.001196     0.000146     0.000009     0.000586   0.029204
  45   45     8      1   0.158350     0.007944     0.048815   0.054190     0.016617     0.000526     0.371075   0.657517
  45   45     8      1   0.274823     0.000186     0.026327   0.001021     0.000394     0.000012     0.021989   0.324752
  45   45     8      1   0.017599     0.000178     0.001942   0.000802     0.000245     0.000008     0.016807   0.037581
  45   45     8      1   0.338975     0.006541     0.048025   0.053896     0.016908     0.000561     0.006169   0.471075
  45   45     8      1   0.313014     0.000198     0.026299   0.001016     0.000404     0.000014     0.006119   0.347064
  45   45     8      1   0.019041     0.000141     0.001935   0.000815     0.000251     0.000007     0.000494   0.022684
  32   32    16      1   0.110820     0.012311     0.035604   0.036192     0.024286     0.000494     0.102017   0.321724
  32   32    16      1   0.157403     0.000444     0.018454   0.000717     0.000533     0.000012     0.044189   0.221751
  32   32    16      1   0.022805     0.000071     0.001442   0.000536     0.000335     0.000008     0.015586   0.040783
  32   32    16      1   0.231256     0.014846     0.034575   0.032600     0.023037     0.000572     0.008821   0.345706
  32   32    16      1   0.184856     0.000128     0.018479   0.000716     0.000534     0.000012     0.018225   0.222950
  32   32    16      1   0.021399     0.000076     0.001361   0.000528     0.000331     0.000008     0.006121   0.029824
  73   73     1      3   0.477322     0.000000     0.096393   0.079023     0.000000     0.000699     0.006491   0.659928
  73   73     1      3   0.447111     0.000000     0.045265   0.001588     0.000000     0.000024     0.002417   0.496405
  73   73     1      3   0.092969     0.000000     0.005623   0.001460     0.000000     0.000019     0.001203   0.101273
  73   73     1      3   0.458635     0.000000     0.099159   0.078876     0.000000     0.000726     0.007108   0.644504
  73   73     1      3   0.476879     0.000000     0.045176   0.001629     0.000000     0.000025     0.003030   0.526738
  73   73     1      3   0.088153     0.000000     0.005635   0.001467     0.000000     0.000019     0.001797   0.097071
  52   52     2      3   0.188237     0.005873     0.071346   0.059304     0.005466     0.000606     0.086287   0.417119
  52   52     2      3   0.193626     0.000091     0.032720   0.001196     0.000153     0.000022     0.001596   0.229404
  52   52     2      3   0.079845     0.000042     0.003976   0.000998     0.000075     0.000015     0.004545   0.089496
  52   52     2      3   0.252379     0.005356     0.071967   0.057935     0.005623     0.000611     0.022709   0.416581
  52   52     2      3   0.191100     0.000088     0.032691   0.001204     0.000157     0.000023     0.001299   0.226562
  52   52     2      3   0.068522     0.000043     0.003989   0.001000     0.000072     0.000017     0.002043   0.075686
  36   36     4      3   0.176512     0.010237     0.056510   0.049346     0.011422     0.000599     0.065633   0.370259
  36   36     4      3   0.123655     0.000168     0.024076   0.000936     0.000241     0.000022     0.010478   0.159576
  36   36     4      3   0.045472     0.000111     0.002931   0.000724     0.000121     0.000013     0.001985   0.051357
  36   36     4      3   0.108294     0.007322     0.055816   0.049019     0.010403     0.000692     0.031809   0.263355
  36   36     4      3   0.099466     0.000161     0.023416   0.000955     0.000240     0.000023     0.005587   0.129848
  36   36     4      3   0.032156     0.000100     0.002887   0.000724     0.000119     0.000013     0.001371   0.037369
  26   26     8      3   0.128989     0.013791     0.039780   0.033325     0.013683     0.000470     0.071014   0.301052
  26   26     8      3   0.090309     0.000319     0.015985   0.000688     0.000355     0.000019     0.004843   0.112519
  26   26     8      3   0.024912     0.000157     0.001840   0.000512     0.000189     0.000010     0.006454   0.034074
  26   26     8      3   0.104872     0.014633     0.037163   0.026886     0.013806     0.000472     0.033759   0.231591
  26   26     8      3   0.079044     0.000307     0.016713   0.000680     0.000350     0.000020     0.002963   0.100077
  26   26     8      3   0.032356     0.000165     0.001864   0.000511     0.000195     0.000011     0.002491   0.037593
  18   18    16      3   0.050396     0.019306     0.031448   0.021774     0.018916     0.000426     0.051079   0.193345
  18   18    16      3   0.092520     0.000365     0.011692   0.000521     0.000483     0.000019     0.024415   0.130015
  18   18    16      3   0.014004     0.000259     0.001315   0.000377     0.000258     0.000010     0.009188   0.025411
  18   18    16      3   0.055652     0.013895     0.029622   0.021630     0.019484     0.000519     0.038869   0.179671
  18   18    16      3   0.062609     0.000329     0.011743   0.000519     0.000471     0.000019     0.003290   0.078980
  18   18    16      3   0.023916     0.000184     0.001347   0.000381     0.000262     0.000012     0.001363   0.027465
  52   52     1      6   0.310104     0.000000     0.079181   0.055568     0.000000     0.000635     0.008723   0.454211
  52   52     1      6   0.273830     0.000000     0.034004   0.001215     0.000000     0.000105     0.001541   0.310696
  52   52     1      6   0.119009     0.000000     0.006965   0.001242     0.000000     0.000015     0.002650   0.129882
  52   52     1      6   0.334613     0.000000     0.083526   0.055583     0.000000     0.000639     0.005501   0.479862
  52   52     1      6   0.304078     0.000000     0.033868   0.001166     0.000000     0.000023     0.003396   0.342531
  52   52     1      6   0.050851     0.000000     0.005872   0.000998     0.000000     0.000015     0.003620   0.061356
  36   36     2      6   0.161530     0.006925     0.060815   0.047577     0.006440     0.001282     0.065185   0.349755
  36   36     2      6   0.141696     0.000182     0.024936   0.000945     0.000150     0.000023     0.001325   0.169257
  36   36     2      6   0.065361     0.000076     0.004292   0.000741     0.000085     0.000015     0.022287   0.092857
  36   36     2      6   0.237320     0.006051     0.060812   0.047479     0.006741     0.001077     0.009583   0.369063
  36   36     2      6   0.138046     0.000167     0.024319   0.000941     0.000152     0.000024     0.003747   0.167396
  36   36     2      6   0.036134     0.000055     0.004318   0.000735     0.000080     0.000014     0.000886   0.042222
  26   26     4      6   0.094227     0.018108     0.042992   0.037200     0.010499     0.000853     0.074071   0.277950
  26   26     4      6   0.087767     0.000491     0.017803   0.000780     0.000549     0.000046     0.009742   0.117178
  26   26     4      6   0.040520     0.000140     0.002827   0.000574     0.000139     0.000015     0.008631   0.052846
  26   26     4      6   0.165437     0.012628     0.046793   0.033691     0.009406     0.000529     0.027579   0.296063
  26   26     4      6   0.064724     0.000318     0.017646   0.000716     0.000232     0.000026     0.005291   0.088953
  26   26     4      6   0.036304     0.000114     0.002799   0.000521     0.000117     0.000014     0.000755   0.040624
  18   18     8      6   0.067404     0.019744     0.036455   0.025431     0.014602     0.001062     0.078395   0.243093
  18   18     8      6   0.062046     0.000832     0.012307   0.000583     0.000335     0.000022     0.026073   0.102198
  18   18     8      6   0.078566     0.000235     0.001980   0.000401     0.000181     0.000014     0.013555   0.094932
  18   18     8      6   0.095874     0.014766     0.037427   0.026634     0.013323     0.000579     0.033400   0.222003
  18   18     8      6   0.080017     0.000417     0.012551   0.000554     0.000338     0.000022     0.007164   0.101063
  18   18     8      6   0.046837     0.000198     0.001945   0.000396     0.000182     0.000012     0.005537   0.055107
  13   13    16      6   0.054407     0.027256     0.029397   0.018361     0.018009     0.000483     0.028329   0.176242
  13   13    16      6   0.023950     0.001582     0.008641   0.000497     0.000727     0.000023     0.032484   0.067904
  13   13    16      6   0.016892     0.000915     0.001331   0.000291     0.000253     0.000012     0.006419   0.026113
  13   13    16      6   0.057501     0.019120     0.029645   0.020647     0.016369     0.000567     0.017493   0.161342
  13   13    16      6   0.044540     0.000452     0.008954   0.000426     0.000433     0.000023     0.006619   0.061447
  13   13    16      6   0.019587     0.000219     0.001329   0.000281     0.000256     0.000011     0.002307   0.023991
  36   36     1     12   0.273072     0.000000     0.072049   0.044653     0.000000     0.001490     0.007251   0.398515
  36   36     1     12   0.205041     0.000000     0.026168   0.001014     0.000000     0.000138     0.002151   0.234512
  36   36     1     12   0.209547     0.000000     0.007655   0.001064     0.000000     0.000027     0.002322   0.220614
  36   36     1     12   0.289016     0.000000     0.067168   0.044875     0.000000     0.001511     0.007805   0.410375
  36   36     1     12   0.197513     0.000000     0.026034   0.000940     0.000000     0.000064     0.002284   0.226836
  36   36     1     12   0.118547     0.000000     0.006512   0.000718     0.000000     0.000022     0.002635   0.128434
  26   26     2     12   0.151043     0.022963     0.050413   0.034917     0.006987     0.001369     0.080216   0.347908
  26   26     2     12   0.110323     0.000533     0.017880   0.000794     0.000703     0.000034     0.003578   0.133845
  26   26     2     12   0.052258     0.000172     0.004478   0.000781     0.000501     0.000098     0.006655   0.064943
  26   26     2     12   0.151821     0.020843     0.052319   0.033613     0.006007     0.001280     0.031708   0.297591
  26   26     2     12   0.097364     0.000500     0.017823   0.000719     0.000166     0.000029     0.009178   0.125779
  26   26     2     12   0.046975     0.000106     0.004188   0.000553     0.000084     0.000016     0.007181   0.059103
  18   18     4     12   0.089308     0.024642     0.036113   0.031408     0.011355     0.001282     0.087753   0.281861
  18   18     4     12   0.067149     0.001445     0.013001   0.000630     0.000321     0.000130     0.021342   0.104018
  18   18     4     12   0.035962     0.000806     0.003427   0.000532     0.000546     0.000085     0.007771   0.049129
  18   18     4     12   0.160100     0.025589     0.039425   0.029907     0.010697     0.001275     0.027966   0.294958
  18   18     4     12   0.079963     0.000847     0.012989   0.000586     0.000263     0.000027     0.003118   0.097793
  18   18     4     12   0.031760     0.000448     0.002990   0.000392     0.000113     0.000014     0.005986   0.041703
  13   13     8     12   0.057629     0.028692     0.032550   0.025785     0.015887     0.001134     0.059639   0.221316
  13   13     8     12   0.045549     0.001119     0.010286   0.000547     0.000423     0.000038     0.017542   0.075504
  13   13     8     12   0.024101     0.000899     0.001976   0.000326     0.000198     0.000014     0.005564   0.033079
  13   13     8     12   0.064776     0.022487     0.032547   0.026395     0.013618     0.001117     0.027190   0.188130
  13   13     8     12   0.047771     0.000857     0.009522   0.000487     0.000387     0.000131     0.006410   0.065565
  13   13     8     12   0.020546     0.000910     0.002317   0.000335     0.000192     0.000018     0.005652   0.029971
   9    9    16     12   0.054524     0.035708     0.027722   0.019859     0.016872     0.000620     0.303977   0.459282
   9    9    16     12   0.056287     0.002290     0.007464   0.000525     0.000998     0.000126     0.025271   0.092961
   9    9    16     12   0.036378     0.001987     0.001613   0.000293     0.000691     0.000074     0.006474   0.047510
   9    9    16     12   0.057703     0.030531     0.031112   0.020000     0.017882     0.000900     0.036771   0.194900
   9    9    16     12   0.037155     0.002061     0.007530   0.000462     0.000997     0.000043     0.003923   0.052171
   9    9    16     12   0.013842     0.001753     0.001413   0.000225     0.000260     0.000084     0.003017   0.020594
