  64   64     1      1   4.911203     0.000000     2.106575   1.261220     0.000000     0.006234     0.137730   8.422962
  64   64     1      1   4.890501     0.000000     0.666133   0.025251     0.000000     0.000127     0.016428   5.598440
  64   64     1      1   0.313212     0.000000     0.030633   0.016366     0.000000     0.000047     0.004107   0.364365
  45   45     2      1   2.094085     0.012980     1.426434   1.027062     0.052324     0.005924     0.137715   4.756524
  45   45     2      1   2.791770     0.000428     0.481020   0.019776     0.001181     0.000112     0.012343   3.306629
  45   45     2      1   0.148396     0.000113     0.026529   0.011641     0.000370     0.000035     0.003808   0.190891
  32   32     4      1   0.968411     0.041119     1.106359   0.855156     0.119844     0.005338     0.125589   3.221817
  32   32     4      1   1.379769     0.002404     0.344272   0.014312     0.002457     0.000121     0.026574   1.769908
  32   32     4      1   0.098247     0.000180     0.019438   0.008224     0.000675     0.000026     0.004476   0.131266
  22   22     8      1   0.621616     0.066441     0.836652   0.621540     0.216629     0.005411     0.172907   2.541196
  22   22     8      1   0.808004     0.001364     0.253287   0.010907     0.004503     0.000145     0.083920   1.162129
  22   22     8      1   0.064631     0.000367     0.014578   0.005565     0.001181     0.000039     0.001142   0.087504
  16   16    16      1   0.514086     0.092182     0.572104   0.491526     0.315157     0.005102     0.210187   2.200343
  16   16    16      1   0.549104     0.001666     0.175732   0.009249     0.006535     0.000154     0.120900   0.863340
  16   16    16      1   0.062849     0.000598     0.010103   0.004039     0.001918     0.000035     0.002005   0.081547
  36   36     1      3   2.611188     0.000000     1.516159   0.811025     0.000000     0.010789     0.085052   5.034213
  36   36     1      3   2.451874     0.000000     0.421956   0.015881     0.000000     0.000174     0.039227   2.929112
  36   36     1      3   0.173577     0.000000     0.030440   0.007824     0.000000     0.000042     0.002451   0.214334
  26   26     2      3   1.022357     0.055241     0.988394   0.614482     0.063181     0.008836     0.066185   2.818676
  26   26     2      3   1.585381     0.000494     0.299086   0.010684     0.001185     0.000170     0.018684   1.915684
  26   26     2      3   0.109354     0.000187     0.021608   0.005240     0.000361     0.000064     0.001676   0.138490
  18   18     4      3   0.648551     0.101125     0.769419   0.526021     0.107519     0.005022     0.210227   2.367883
  18   18     4      3   0.673908     0.001294     0.218580   0.009421     0.002289     0.000180     0.078309   0.983980
  18   18     4      3   0.077443     0.000412     0.016579   0.004181     0.000531     0.000044     0.000815   0.100005
  13   13     8      3   0.451796     0.188863     0.521636   0.444345     0.183888     0.004459     0.230077   2.025064
  13   13     8      3   0.491459     0.002427     0.155755   0.007985     0.003936     0.000168     0.033431   0.695160
  13   13     8      3   0.086429     0.000642     0.010068   0.003164     0.000840     0.000036     0.001440   0.102619
   9    9    16      3   0.392554     0.228420     0.424593   0.413051     0.297140     0.004570     0.219920   1.980249
   9    9    16      3   0.503098     0.003223     0.115682   0.007401     0.006135     0.000164     0.059333   0.695036
   9    9    16      3   0.053201     0.000866     0.007405   0.002531     0.001478     0.000026     0.014147   0.079654
  26   26     1      6   1.808691     0.000000     1.118333   0.458310     0.000000     0.007289     0.088816   3.481439
  26   26     1      6   1.501199     0.000000     0.316115   0.009069     0.000000     0.000171     0.025446   1.852000
  26   26     1      6   0.110893     0.000000     0.028832   0.004076     0.000000     0.000037     0.001528   0.145366
  18   18     2      6   1.284847     0.104194     0.933772   0.451445     0.069504     0.012687     0.118224   2.974673
  18   18     2      6   1.095296     0.001208     0.238776   0.009054     0.001276     0.000228     0.027002   1.372839
  18   18     2      6   0.084895     0.000241     0.021279   0.003609     0.000235     0.000034     0.001138   0.111431
  13   13     4      6   0.580255     0.223619     0.714339   0.431207     0.109016     0.010273     0.288440   2.357148
  13   13     4      6   0.657863     0.002929     0.174011   0.007545     0.002178     0.000157     0.010497   0.855180
  13   13     4      6   0.066202     0.000675     0.013351   0.002725     0.000474     0.000041     0.002315   0.085783
   9    9     8      6   0.591783     0.273660     0.550921   0.410107     0.195801     0.008093     0.122108   2.152473
   9    9     8      6   0.444344     0.004185     0.136772   0.007308     0.004049     0.000158     0.051730   0.648546
   9    9     8      6   0.058931     0.000900     0.009491   0.002313     0.000758     0.000031     0.001682   0.074106
   6    6    16      6   0.356231     0.383892     0.524353   0.339704     0.324517     0.007497     0.178996   2.115191
   6    6    16      6   0.405013     0.008717     0.106181   0.006393     0.006753     0.000181     0.033113   0.566351
   6    6    16      6   0.035736     0.001502     0.007308   0.001660     0.001370     0.000031     0.000586   0.048193
  18   18     1     12   1.723039     0.000000     1.113039   0.415170     0.000000     0.013655     0.112878   3.377781
  18   18     1     12   1.052140     0.000000     0.287598   0.008148     0.000000     0.000287     0.029356   1.377529
  18   18     1     12   0.219163     0.000000     0.030167   0.002614     0.000000     0.000055     0.006976   0.258975
  13   13     2     12   1.079128     0.223804     0.756310   0.419557     0.089423     0.011519     0.119935   2.699676
  13   13     2     12   0.622867     0.003270     0.186325   0.007266     0.001748     0.000194     0.018259   0.839929
  13   13     2     12   0.090530     0.000452     0.019132   0.002133     0.000284     0.000143     0.002833   0.115507
   9    9     4     12   0.746725     0.301520     0.648653   0.459856     0.129599     0.011897     0.123122   2.421372
   9    9     4     12   0.395647     0.011040     0.157917   0.007761     0.002395     0.000172     0.138899   0.713831
   9    9     4     12   0.063748     0.001016     0.013550   0.002152     0.000380     0.000028     0.003188   0.084062
   6    6     8     12   0.525172     0.380842     0.587712   0.393302     0.262573     0.012729     0.111978   2.274308
   6    6     8     12   0.385187     0.011317     0.124373   0.006837     0.004545     0.000173     0.079754   0.612186
   6    6     8     12   0.038672     0.001798     0.009538   0.001384     0.000705     0.000032     0.006069   0.058198
   4    4    16     12   0.310126     0.499758     0.512538   0.440586     0.364168     0.013651     0.333580   2.474407
   4    4    16     12   0.415282     0.016661     0.099350   0.006783     0.008218     0.000401     0.080950   0.627645
   4    4    16     12   0.020635     0.003436     0.007754   0.001304     0.001306     0.000125     0.005768   0.040328
