 128  128     1      1   3.234178     0.000000     0.710742   0.568191     0.000000     0.002043     0.228162   4.743316
 128  128     1      1   3.268315     0.000000     0.324720   0.011588     0.000000     0.000043     0.010016   3.614682
 128  128     1      1   0.376322     0.000000     0.014453   0.009250     0.000000     0.000024     0.005070   0.405118
  90   90     2      1   1.687442     0.005712     0.538784   0.421762     0.013434     0.001591     0.112936   2.781661
  90   90     2      1   2.162295     0.000259     0.232112   0.008414     0.000332     0.000030     0.005459   2.408901
  90   90     2      1   0.201426     0.000201     0.010348   0.006305     0.000176     0.000017     0.001908   0.220381
  64   64     4      1   0.663692     0.008450     0.392247   0.353752     0.033392     0.001681     0.072856   1.526070
  64   64     4      1   0.859744     0.000195     0.164802   0.006909     0.000745     0.000034     0.046354   1.078783
  64   64     4      1   0.121386     0.000153     0.008447   0.004583     0.000288     0.000020     0.002426   0.137304
  45   45     8      1   0.473332     0.014651     0.291250   0.279477     0.062167     0.001494     0.051008   1.173380
  45   45     8      1   0.505710     0.000352     0.118335   0.005427     0.001370     0.000032     0.022628   0.653854
  45   45     8      1   0.072179     0.000150     0.006249   0.003324     0.000556     0.000012     0.002513   0.084983
  32   32    16      1   0.339057     0.027559     0.216100   0.214546     0.102704     0.001381     0.032148   0.933495
  32   32    16      1   0.274391     0.000504     0.083756   0.004218     0.002075     0.000034     0.094942   0.459920
  32   32    16      1   0.070929     0.000312     0.004396   0.002208     0.000879     0.000011     0.001105   0.079840
  73   73     1      3   1.827504     0.000000     0.531559   0.383808     0.000000     0.001847     0.061340   2.806058
  73   73     1      3   1.797728     0.000000     0.200874   0.007281     0.000000     0.000048     0.008278   2.014209
  73   73     1      3   0.148680     0.000000     0.016716   0.005047     0.000000     0.000036     0.001080   0.171559
  52   52     2      3   0.851833     0.009041     0.398345   0.294266     0.016407     0.002056     0.044545   1.616493
  52   52     2      3   0.909579     0.000205     0.144461   0.005648     0.000377     0.000043     0.006186   1.066499
  52   52     2      3   0.125751     0.000081     0.012052   0.003446     0.000152     0.000028     0.001490   0.143000
  36   36     4      3   0.453829     0.031952     0.298460   0.250833     0.032400     0.002381     0.081457   1.151313
  36   36     4      3   0.556146     0.000390     0.103668   0.004729     0.000706     0.000044     0.018813   0.684496
  36   36     4      3   0.095273     0.000148     0.008818   0.002586     0.000227     0.000020     0.001354   0.108426
  26   26     8      3   0.313406     0.062170     0.210722   0.174463     0.051694     0.001815     0.121096   0.935366
  26   26     8      3   0.274418     0.000793     0.072375   0.003201     0.001190     0.000041     0.002777   0.354795
  26   26     8      3   0.038978     0.000337     0.005327   0.001730     0.000383     0.000017     0.000973   0.047744
  18   18    16      3   0.246832     0.059787     0.161173   0.137927     0.081010     0.001132     0.129488   0.817349
  18   18    16      3   0.222278     0.001132     0.052564   0.002551     0.001791     0.000040     0.034504   0.314860
  18   18    16      3   0.036450     0.000411     0.003810   0.001326     0.000654     0.000014     0.002662   0.045327
  52   52     1      6   1.237359     0.000000     0.420016   0.250875     0.000000     0.002303     0.054068   1.964621
  52   52     1      6   1.059932     0.000000     0.149049   0.005042     0.000000     0.000058     0.006610   1.220691
  52   52     1      6   0.114894     0.000000     0.016245   0.003114     0.000000     0.000023     0.001585   0.135861
  36   36     2      6   0.683055     0.016144     0.324739   0.229194     0.017061     0.002161     0.067732   1.340086
  36   36     2      6   0.702451     0.000360     0.107206   0.004393     0.000347     0.000048     0.004506   0.819311
  36   36     2      6   0.068339     0.000124     0.012020   0.002402     0.000136     0.000030     0.001723   0.084774
  26   26     4      6   0.436086     0.060010     0.228262   0.175000     0.030557     0.002155     0.052496   0.984567
  26   26     4      6   0.243490     0.000896     0.079101   0.003140     0.000662     0.000045     0.035305   0.362639
  26   26     4      6   0.051382     0.000305     0.007536   0.001661     0.000198     0.000022     0.001169   0.062273
  18   18     8      6   0.337659     0.074925     0.164291   0.146023     0.050332     0.001759     0.069942   0.844931
  18   18     8      6   0.231586     0.001403     0.055319   0.002576     0.001171     0.000049     0.023054   0.315158
  18   18     8      6   0.038455     0.000392     0.005353   0.001283     0.000343     0.000018     0.003195   0.049039
  13   13    16      6   0.224740     0.102684     0.135081   0.113390     0.077717     0.001655     0.049042   0.704308
  13   13    16      6   0.167295     0.001904     0.039678   0.002098     0.001709     0.000045     0.018950   0.231679
  13   13    16      6   0.027362     0.000711     0.003747   0.000934     0.000530     0.000014     0.000613   0.033911
  36   36     1     12   1.045765     0.000000     0.370195   0.222600     0.000000     0.004221     0.015865   1.658646
  36   36     1     12   0.766207     0.000000     0.118108   0.004260     0.000000     0.000144     0.008366   0.897084
  36   36     1     12   0.224579     0.000000     0.017354   0.002185     0.000000     0.000034     0.004341   0.248493
  26   26     2     12   0.502381     0.066526     0.259745   0.145277     0.022822     0.003606     0.059896   1.060252
  26   26     2     12   0.322393     0.001361     0.083316   0.003036     0.000933     0.000067     0.054121   0.465227
  26   26     2     12   0.079126     0.000349     0.012754   0.001991     0.000218     0.000128     0.011712   0.106279
  18   18     4     12   0.491022     0.083912     0.200882   0.131023     0.036960     0.003344     0.040735   0.987878
  18   18     4     12   0.257078     0.002117     0.061836   0.002613     0.000716     0.000065     0.049158   0.373583
  18   18     4     12   0.060386     0.001688     0.007814   0.001257     0.000665     0.000035     0.005909   0.077754
  13   13     8     12   0.293343     0.113362     0.144131   0.109422     0.055982     0.002961     0.043252   0.762453
  13   13     8     12   0.213032     0.002308     0.044699   0.002696     0.001785     0.000229     0.011412   0.276161
  13   13     8     12   0.037667     0.000757     0.006680   0.001033     0.000338     0.000020     0.004419   0.050914
   9    9    16     12   0.222060     0.153090     0.121349   0.098787     0.078760     0.003225     0.059915   0.737186
   9    9    16     12   0.187447     0.003533     0.033580   0.001950     0.001727     0.000077     0.036333   0.264647
   9    9    16     12   0.026856     0.001288     0.003973   0.000733     0.000610     0.000091     0.003537   0.037088
