  64   64     1      1   8.944474     0.000000     5.257163   2.443543     0.000000     0.052823     0.149642  16.847645
  64   64     1      1   8.785709     0.000000     1.288928   0.013684     0.000000     0.000378     0.046965  10.135664
  64   64     1      1   0.435759     0.000000     0.024323   0.010639     0.000000     0.000365     0.006420   0.477505
  45   45     2      1   3.856647     0.082630     3.993651   2.352128     0.289284     0.048640     0.280853  10.903833
  45   45     2      1   4.681898     0.000259     0.909661   0.010840     0.002013     0.000240     0.019891   5.624801
  45   45     2      1   0.196900     0.000167     0.019310   0.007447     0.001380     0.000169     0.016069   0.241442
  32   32     4      1   2.055976     0.131252     3.627016   2.269936     0.421151     0.047997     0.391973   8.945301
  32   32     4      1   2.597979     0.001923     0.662020   0.008026     0.002535     0.000212     0.045011   3.317706
  32   32     4      1   0.116496     0.000317     0.014772   0.004958     0.001452     0.000159     0.002650   0.140804
  22   22     8      1   0.741654     0.307826     4.040940   2.243548     0.596980     0.050590     0.500187   8.481726
  22   22     8      1   1.498446     0.000645     0.505372   0.006706     0.003241     0.000196     0.091017   2.105624
  22   22     8      1   0.075565     0.000331     0.011037   0.003398     0.001835     0.000103     0.005521   0.097790
  16   16    16      1   0.811347     0.364299     2.809194   2.233019     0.840856     0.025231     1.017001   8.100948
  16   16    16      1   1.239647     0.000830     0.348297   0.005233     0.003734     0.000199     0.203019   1.800958
  16   16    16      1   0.065551     0.000424     0.007189   0.002469     0.002061     0.000097     0.008656   0.086447
  36   36     1      3   5.819618     0.000000     4.420699   1.730135     0.000000     0.028628     0.286370  12.285450
  36   36     1      3   4.548921     0.000000     0.820895   0.009014     0.000000     0.000291     0.072906   5.452027
  36   36     1      3   0.278415     0.000000     0.024181   0.005591     0.000000     0.000269     0.007744   0.316201
  26   26     2      3   2.032420     0.237300     4.383304   1.629909     0.311097     0.052913     0.183213   8.830156
  26   26     2      3   1.938525     0.000304     0.644878   0.006308     0.001690     0.000223     0.107657   2.699585
  26   26     2      3   0.149654     0.000257     0.017115   0.003736     0.000972     0.000210     0.005087   0.177031
  18   18     4      3   1.862186     0.369676     3.822514   1.736258     0.464620     0.059097     0.463792   8.778142
  18   18     4      3   0.962899     0.000900     0.424935   0.005519     0.002243     0.000238     0.828515   2.225249
  18   18     4      3   0.101084     0.000423     0.012764   0.002834     0.001066     0.000122     0.004241   0.122534
  13   13     8      3   0.531806     0.604794     3.539755   1.655717     0.585138     0.053030     0.766388   7.736628
  13   13     8      3   0.926403     0.001621     0.304238   0.004720     0.002801     0.000195     0.017106   1.257084
  13   13     8      3   0.067598     0.000792     0.008222   0.002034     0.001223     0.000087     0.003354   0.083310
   9    9    16      3   0.603916     0.884505     3.274593   1.891249     0.926334     0.050972     0.928369   8.559938
   9    9    16      3   0.986494     0.005331     0.217234   0.004247     0.003719     0.000170     0.260760   1.477955
   9    9    16      3   0.059826     0.001165     0.005934   0.001662     0.001436     0.000070     0.004305   0.074398
  26   26     1      6   5.114265     0.000000     4.173205   1.231766     0.000000     0.054915     0.306290  10.880441
  26   26     1      6   2.985120     0.000000     0.593888   0.005646     0.000000     0.000280     0.078231   3.663164
  26   26     1      6   0.229164     0.000000     0.022939   0.003474     0.000000     0.000229     0.005745   0.261551
  18   18     2      6   1.989685     0.439129     4.310768   1.433792     0.363866     0.066927     0.620073   9.224240
  18   18     2      6   1.340986     0.001254     0.468423   0.005221     0.001715     0.000327     0.075601   1.893526
  18   18     2      6   0.137278     0.000510     0.017742   0.002840     0.000615     0.000155     0.007236   0.166375
  13   13     4      6   1.061055     0.768206     3.726928   1.491936     0.433564     0.054509     0.908378   8.444576
  13   13     4      6   0.601058     0.002464     0.319571   0.004443     0.001873     0.000236     0.326149   1.255794
  13   13     4      6   0.069303     0.000883     0.010943   0.001881     0.000877     0.000093     0.016787   0.100767
   9    9     8      6   1.106334     0.865183     3.276356   1.583699     0.642931     0.057980     0.950143   8.482626
   9    9     8      6   0.936145     0.008073     0.241190   0.004871     0.002704     0.000178     0.155545   1.348706
   9    9     8      6   0.070023     0.001074     0.008070   0.001597     0.001002     0.000075     0.004124   0.085965
   6    6    16      6   0.720262     1.390799     3.533244   1.651496     1.105783     0.064919     1.312600   9.779103
   6    6    16      6   0.994199     0.013320     0.189992   0.004222     0.003965     0.000186     0.239475   1.445359
   6    6    16      6   0.029257     0.001779     0.005866   0.001150     0.001330     0.000069     0.016554   0.056005
  18   18     1     12   3.814650     0.000000     5.915902   1.234554     0.000000     0.073374     0.200408  11.238887
  18   18     1     12   2.243243     0.000000     0.535096   0.005160     0.000000     0.000869     0.043738   2.828106
  18   18     1     12   0.303517     0.000000     0.025408   0.003023     0.000000     0.000513     0.007036   0.339497
  13   13     2     12   1.757071     0.925668     4.233824   1.279214     0.384957     0.068956     0.662972   9.312663
  13   13     2     12   1.000651     0.003204     0.368818   0.004488     0.001513     0.000203     0.174559   1.553436
  13   13     2     12   0.116346     0.001119     0.016314   0.001977     0.000801     0.000097     0.009987   0.146641
   9    9     4     12   2.237504     1.032850     3.784362   1.485353     0.494228     0.074485     0.399388   9.508170
   9    9     4     12   1.066530     0.003465     0.261469   0.004742     0.001907     0.000197     0.073895   1.412205
   9    9     4     12   0.074619     0.001473     0.011163   0.001544     0.000683     0.000079     0.006872   0.096433
   6    6     8     12   1.265312     1.170835     4.297704   1.708195     0.841388     0.077860     0.611711   9.973005
   6    6     8     12   1.059699     0.014956     0.214673   0.006787     0.003404     0.000654     0.169778   1.469951
   6    6     8     12   0.039741     0.001339     0.008325   0.001203     0.000993     0.000074     0.013812   0.065487
   4    4    16     12   0.716746     2.273737     4.558183   1.931958     1.411269     0.086777     1.189471  12.168141
   4    4    16     12   1.132855     0.016837     0.177957   0.007102     0.005092     0.000672     0.110385   1.450900
   4    4    16     12   0.026247     0.002500     0.006511   0.001139     0.001489     0.000109     0.006945   0.044940
