  90   90     1      1   7.256485     0.000000     2.954208   1.457670     0.000000     0.028202     0.137671  11.834237
  90   90     1      1   7.039809     0.000000     0.916861   0.009135     0.000000     0.000233     0.042619   8.008657
  90   90     1      1   0.568465     0.000000     0.016765   0.007887     0.000000     0.000175     0.005265   0.598557
  64   64     2      1   2.910940     0.040740     2.326028   1.509583     0.147221     0.026149     0.170538   7.131199
  64   64     2      1   3.730990     0.000612     0.661991   0.007105     0.001273     0.000164     0.017556   4.419691
  64   64     2      1   0.306125     0.000064     0.012905   0.005273     0.000743     0.000124     0.006711   0.331944
  45   45     4      1   1.486807     0.096997     1.879339   1.430079     0.209233     0.016789     0.272622   5.391866
  45   45     4      1   2.108680     0.000546     0.469450   0.005719     0.001531     0.000125     0.013859   2.599910
  45   45     4      1   0.130010     0.000157     0.009980   0.003881     0.000985     0.000099     0.010176   0.155288
  32   32     8      1   0.744210     0.096029     1.692670   1.375553     0.285160     0.011910     0.365365   4.570897
  32   32     8      1   1.004150     0.000864     0.347879   0.004170     0.001777     0.000106     0.158780   1.517726
  32   32     8      1   0.101950     0.000256     0.006976   0.002563     0.001262     0.000074     0.005419   0.118500
  22   22    16      1   0.542016     0.218233     1.536674   1.323069     0.448637     0.012494     0.491186   4.572309
  22   22    16      1   1.051971     0.000593     0.253052   0.003377     0.002269     0.000103     0.053349   1.364714
  22   22    16      1   0.080024     0.000382     0.005402   0.001876     0.001409     0.000059     0.003804   0.092957
  52   52     1      3   3.997844     0.000000     2.556708   1.048360     0.000000     0.027952     0.100510   7.731374
  52   52     1      3   3.566780     0.000000     0.591098   0.005908     0.000000     0.000186     0.031407   4.195379
  52   52     1      3   0.299582     0.000000     0.017979   0.004107     0.000000     0.000149     0.004471   0.326288
  36   36     2      3   1.786329     0.134405     2.261851   1.167541     0.172385     0.027849     0.133476   5.683835
  36   36     2      3   2.009010     0.000430     0.420566   0.004952     0.001077     0.000168     0.008387   2.444590
  36   36     2      3   0.162134     0.000123     0.012461   0.003069     0.000647     0.000120     0.003995   0.182549
  26   26     4      3   1.337171     0.165644     1.843449   0.971872     0.231192     0.029514     0.212842   4.791684
  26   26     4      3   0.779934     0.000510     0.293788   0.003373     0.001307     0.000126     0.129741   1.208779
  26   26     4      3   0.099964     0.000227     0.008739   0.001987     0.000690     0.000088     0.002890   0.114585
  18   18     8      3   0.546710     0.367429     1.820266   1.061092     0.328458     0.026680     0.367133   4.517768
  18   18     8      3   0.496927     0.000787     0.216993   0.002871     0.001655     0.000105     0.147902   0.867240
  18   18     8      3   0.063812     0.000529     0.005816   0.001552     0.000868     0.000062     0.002531   0.075171
  13   13    16      3   0.426381     0.429638     1.636776   1.083294     0.443954     0.018836     0.391588   4.430467
  13   13    16      3   0.627099     0.001128     0.157572   0.002451     0.001918     0.000094     0.094471   0.884734
  13   13    16      3   0.044495     0.000686     0.003956   0.001119     0.000886     0.000049     0.002745   0.053936
  36   36     1      6   3.544462     0.000000     2.354147   1.001853     0.000000     0.021222     0.051592   6.973276
  36   36     1      6   2.499530     0.000000     0.451989   0.004922     0.000000     0.000160     0.010119   2.966719
  36   36     1      6   0.240219     0.000000     0.017300   0.002946     0.000000     0.000143     0.003971   0.264579
  26   26     2      6   1.712298     0.219010     2.055897   0.800346     0.184622     0.032692     0.294893   5.299758
  26   26     2      6   1.006343     0.000722     0.320379   0.003366     0.000899     0.000136     0.040357   1.372202
  26   26     2      6   0.131443     0.000340     0.012036   0.002023     0.000502     0.000083     0.005065   0.151492
  18   18     4      6   0.837418     0.411447     2.131882   0.986326     0.215359     0.027368     0.348248   4.958048
  18   18     4      6   0.529854     0.001010     0.235733   0.003234     0.001179     0.000138     0.365552   1.136700
  18   18     4      6   0.078891     0.000445     0.008294   0.001534     0.000560     0.000065     0.002985   0.092774
  13   13     8      6   0.755110     0.499797     1.606856   0.847978     0.304063     0.025833     0.431206   4.470843
  13   13     8      6   0.486462     0.001401     0.153599   0.002317     0.001456     0.000102     0.134593   0.779930
  13   13     8      6   0.049395     0.000684     0.005722   0.001105     0.000756     0.000057     0.002889   0.060608
   9    9    16      6   0.428898     0.670512     1.692603   1.037375     0.480885     0.026483     0.636984   4.973739
   9    9    16      6   0.638595     0.001901     0.116698   0.002299     0.001950     0.000086     0.265496   1.027026
   9    9    16      6   0.037882     0.001083     0.003956   0.000869     0.000868     0.000051     0.011869   0.056578
  26   26     1     12   3.602867     0.000000     2.151705   0.665595     0.000000     0.036512     0.191106   6.647785
  26   26     1     12   1.701241     0.000000     0.353506   0.003050     0.000000     0.000162     0.014800   2.072759
  26   26     1     12   0.311995     0.000000     0.018153   0.001944     0.000000     0.000110     0.008311   0.340512
  18   18     2     12   1.991746     0.498931     2.355805   0.829639     0.185660     0.041915     0.216518   6.120214
  18   18     2     12   0.990984     0.001866     0.250475   0.002832     0.000826     0.000135     0.043834   1.290952
  18   18     2     12   0.111675     0.000557     0.012221   0.001854     0.000416     0.000081     0.007724   0.134528
  13   13     4     12   1.374871     0.482623     1.967581   0.794235     0.238556     0.035142     0.291135   5.184143
  13   13     4     12   0.694264     0.008937     0.166409   0.002599     0.001727     0.000161     0.079329   0.953426
  13   13     4     12   0.069858     0.001071     0.007985   0.001032     0.000591     0.000254     0.004922   0.085713
   9    9     8     12   0.648229     0.711225     2.073391   0.992952     0.375284     0.037675     0.381333   5.220089
   9    9     8     12   0.725118     0.008869     0.131973   0.002220     0.001605     0.000102     0.020577   0.890463
   9    9     8     12   0.044376     0.001522     0.005615   0.000822     0.000545     0.000046     0.009404   0.062330
   6    6    16     12   0.618856     1.086532     1.940252   0.969573     0.568321     0.038485     0.712072   5.934091
   6    6    16     12   0.714832     0.008611     0.100434   0.001870     0.002201     0.000097     0.088980   0.917025
   6    6    16     12   0.023282     0.001881     0.004113   0.000632     0.000780     0.000043     0.011112   0.041843
