 128  128     1      1   6.680188     0.000000     1.583051   0.872475     0.000000     0.008041     0.161267   9.305022
 128  128     1      1   6.038215     0.000000     0.624788   0.006356     0.000000     0.000136     0.027052   6.696547
 128  128     1      1   0.474047     0.000000     0.012657   0.006025     0.000000     0.000120     0.009545   0.502394
  90   90     2      1   2.799989     0.011822     1.317217   0.865414     0.058557     0.007866     0.133849   5.194715
  90   90     2      1   3.289123     0.000152     0.459594   0.004969     0.000842     0.000102     0.027892   3.782673
  90   90     2      1   0.243882     0.000089     0.009023   0.004184     0.000528     0.000092     0.005598   0.263397
  64   64     4      1   1.430594     0.045603     1.096274   0.927223     0.098444     0.009109     0.078191   3.685438
  64   64     4      1   1.622599     0.000225     0.348646   0.004419     0.000934     0.000079     0.004993   1.981895
  64   64     4      1   0.136744     0.000136     0.007137   0.002711     0.000676     0.000058     0.002800   0.150262
  45   45     8      1   0.782501     0.044328     0.919444   0.905346     0.150120     0.007672     0.188841   2.998253
  45   45     8      1   1.167832     0.000323     0.242837   0.003064     0.001148     0.000079     0.047220   1.462503
  45   45     8      1   0.092163     0.000208     0.004972   0.001916     0.000824     0.000043     0.002698   0.102824
  32   32    16      1   0.590337     0.071620     0.776173   0.837061     0.225503     0.007656     0.199937   2.708286
  32   32    16      1   0.740229     0.000534     0.179895   0.002422     0.001307     0.000060     0.018569   0.943016
  32   32    16      1   0.105629     0.000164     0.003730   0.001383     0.000894     0.000045     0.003298   0.115144
  73   73     1      3   3.569790     0.000000     1.329860   0.686538     0.000000     0.014610     0.159097   5.759895
  73   73     1      3   3.208650     0.000000     0.412665   0.004369     0.000000     0.000119     0.018476   3.644279
  73   73     1      3   0.256261     0.000000     0.013848   0.003515     0.000000     0.000106     0.003292   0.277022
  52   52     2      3   1.427450     0.069523     1.045855   0.627700     0.091264     0.014241     0.154780   3.430813
  52   52     2      3   1.574768     0.000272     0.281627   0.003083     0.000593     0.000102     0.008741   1.869186
  52   52     2      3   0.149502     0.000089     0.008714   0.002248     0.000342     0.000060     0.002558   0.163514
  36   36     4      3   0.850951     0.086997     0.937175   0.678233     0.096468     0.008947     0.179767   2.838538
  36   36     4      3   0.884285     0.000359     0.215329   0.002734     0.000780     0.000082     0.047124   1.150693
  36   36     4      3   0.090848     0.000238     0.006768   0.001674     0.000530     0.000061     0.002163   0.102282
  26   26     8      3   0.543062     0.126051     0.817296   0.596360     0.136557     0.006719     0.243110   2.469155
  26   26     8      3   0.473888     0.000546     0.144255   0.002060     0.000959     0.000067     0.065557   0.687332
  26   26     8      3   0.054303     0.000443     0.004328   0.001093     0.000578     0.000041     0.002369   0.063155
  18   18    16      3   0.459644     0.222076     0.739078   0.622483     0.229896     0.007530     0.354750   2.635456
  18   18    16      3   0.549224     0.000686     0.106153   0.001718     0.001193     0.000061     0.045387   0.704422
  18   18    16      3   0.050465     0.000461     0.003119   0.000904     0.000648     0.000035     0.007308   0.062941
  52   52     1      6   2.612530     0.000000     1.160939   0.512715     0.000000     0.010871     0.139607   4.436661
  52   52     1      6   2.033151     0.000000     0.304580   0.003149     0.000000     0.000107     0.012658   2.353645
  52   52     1      6   0.222829     0.000000     0.012811   0.002285     0.000000     0.000082     0.002918   0.240925
  36   36     2      6   1.349638     0.117095     1.144028   0.593263     0.099265     0.015130     0.233872   3.552291
  36   36     2      6   1.084543     0.000470     0.216691   0.002685     0.000567     0.000088     0.027484   1.332529
  36   36     2      6   0.132071     0.000254     0.010159   0.001648     0.000369     0.000068     0.003365   0.147933
  26   26     4      6   0.711458     0.188172     0.961898   0.501034     0.124623     0.018051     0.277018   2.782254
  26   26     4      6   0.410670     0.000861     0.148135   0.001764     0.000649     0.000073     0.040126   0.602278
  26   26     4      6   0.077356     0.000304     0.005839   0.001101     0.000384     0.000046     0.001622   0.086652
  18   18     8      6   0.477698     0.263395     1.061774   0.608868     0.177839     0.017004     0.233026   2.839604
  18   18     8      6   0.521549     0.000934     0.123042   0.001826     0.000932     0.000066     0.041598   0.689947
  18   18     8      6   0.057295     0.000480     0.004250   0.000844     0.000476     0.000035     0.002287   0.065667
  13   13    16      6   0.333772     0.375980     0.870486   0.553282     0.221821     0.015010     0.429155   2.799506
  13   13    16      6   0.402837     0.001495     0.078914   0.001375     0.001047     0.000055     0.051943   0.537666
  13   13    16      6   0.032253     0.000691     0.003025   0.000630     0.000531     0.000031     0.003913   0.041074
  36   36     1     12   2.084688     0.000000     1.639196   0.488789     0.000000     0.019947     0.134910   4.367530
  36   36     1     12   1.408501     0.000000     0.290915   0.002711     0.000000     0.000403     0.021805   1.724334
  36   36     1     12   0.383388     0.000000     0.014331   0.002162     0.000000     0.000077     0.006427   0.406386
  26   26     2     12   1.935642     0.280115     1.044304   0.413450     0.103124     0.018370     0.145107   3.940111
  26   26     2     12   0.814141     0.001767     0.173261   0.001945     0.001106     0.000111     0.025368   1.017699
  26   26     2     12   0.107789     0.000909     0.009400   0.001397     0.000912     0.000066     0.016095   0.136568
  18   18     4     12   1.247690     0.289528     1.141372   0.517793     0.124963     0.019744     0.108713   3.449804
  18   18     4     12   0.654518     0.001696     0.127786   0.001688     0.000830     0.000083     0.010108   0.796708
  18   18     4     12   0.074012     0.001184     0.006240   0.000900     0.000436     0.000188     0.007113   0.090073
  13   13     8     12   0.763418     0.309394     1.006366   0.512740     0.170743     0.017824     0.224788   3.005274
  13   13     8     12   0.440079     0.001187     0.088626   0.001330     0.000797     0.000065     0.085408   0.617493
  13   13     8     12   0.044031     0.001136     0.004278   0.000644     0.000483     0.000034     0.003423   0.054029
   9    9    16     12   0.562935     0.475721     1.065334   0.677094     0.252598     0.018510     0.262311   3.314503
   9    9    16     12   0.534281     0.006040     0.070254   0.001636     0.001669     0.000247     0.011882   0.626008
   9    9    16     12   0.031856     0.001915     0.003197   0.000603     0.001063     0.000053     0.006192   0.044880
