 110  110     1      1   7.304243     0.000000     1.959007   0.998323     0.000000     0.010345     0.171114  10.443032
 110  110     1      1   6.863372     0.000000     0.721219   0.006925     0.000000     0.000163     0.036278   7.627956
 110  110     1      1   0.461107     0.000000     0.013987   0.006379     0.000000     0.000144     0.004970   0.486588
  78   78     2      1   2.864947     0.026991     1.642679   1.072022     0.096406     0.013612     0.182231   5.898889
  78   78     2      1   3.327344     0.000328     0.523128   0.005703     0.000962     0.000130     0.012066   3.869661
  78   78     2      1   0.259939     0.000060     0.010732   0.004505     0.000634     0.000095     0.005274   0.281239
  55   55     4      1   1.422929     0.042558     1.486191   1.096948     0.141412     0.011975     0.086905   4.288918
  55   55     4      1   1.923367     0.000515     0.395021   0.004308     0.001152     0.000091     0.017031   2.341484
  55   55     4      1   0.146619     0.000240     0.007670   0.003122     0.000883     0.000083     0.003117   0.161733
  39   39     8      1   0.862255     0.094152     1.202501   1.116365     0.194257     0.009598     0.147896   3.627024
  39   39     8      1   1.120274     0.000389     0.290315   0.003712     0.001371     0.000086     0.010531   1.426677
  39   39     8      1   0.092668     0.000149     0.005837   0.002267     0.000964     0.000055     0.005042   0.106982
  27   27    16      1   0.489077     0.149470     1.054879   1.015906     0.287339     0.008966     0.382380   3.388017
  27   27    16      1   0.544729     0.000638     0.213713   0.002845     0.001700     0.000071     0.368973   1.132668
  27   27    16      1   0.100817     0.000253     0.004206   0.001544     0.001042     0.000040     0.013642   0.121544
  64   64     1      3   3.432158     0.000000     1.705849   0.798383     0.000000     0.018151     0.177577   6.132118
  64   64     1      3   3.010102     0.000000     0.466126   0.004785     0.000000     0.000151     0.013747   3.494911
  64   64     1      3   0.260682     0.000000     0.014498   0.003669     0.000000     0.000114     0.003541   0.282505
  45   45     2      3   1.248150     0.083358     1.599037   0.902367     0.109837     0.018190     0.110139   4.071078
  45   45     2      3   1.779960     0.000312     0.355339   0.004162     0.000739     0.000126     0.007930   2.148567
  45   45     2      3   0.170407     0.000214     0.010687   0.002690     0.000514     0.000101     0.002846   0.187458
  32   32     4      3   0.906367     0.121558     1.311203   0.827630     0.147268     0.017008     0.120115   3.451149
  32   32     4      3   0.883832     0.000456     0.244251   0.003136     0.001014     0.000110     0.007141   1.139940
  32   32     4      3   0.119274     0.000222     0.007775   0.001798     0.000551     0.000074     0.003362   0.133056
  22   22     8      3   0.451455     0.219947     1.285352   0.817189     0.200665     0.015379     0.294081   3.284068
  22   22     8      3   0.506370     0.000686     0.182291   0.002358     0.001221     0.000081     0.075970   0.768977
  22   22     8      3   0.469436     0.000503     0.004713   0.001275     0.000679     0.000049     0.021710   0.498364
  16   16    16      3   0.331127     0.334967     1.047597   0.761881     0.353158     0.015053     0.298490   3.142273
  16   16    16      3   0.495733     0.000790     0.122162   0.001899     0.001455     0.000070     0.099825   0.721934
  16   16    16      3   0.079255     0.000568     0.003374   0.000975     0.000733     0.000038     0.003772   0.088715
  45   45     1      6   3.506253     0.000000     1.631911   0.679327     0.000000     0.020380     0.128374   5.966245
  45   45     1      6   2.375929     0.000000     0.336927   0.003732     0.000000     0.000136     0.022757   2.739480
  45   45     1      6   0.213808     0.000000     0.013963   0.002640     0.000000     0.000118     0.004078   0.234606
  32   32     2      6   1.393603     0.148206     1.402309   0.692787     0.126952     0.018822     0.190748   3.973427
  32   32     2      6   0.982377     0.000402     0.254726   0.002976     0.000626     0.000107     0.033607   1.274822
  32   32     2      6   0.126252     0.000153     0.010223   0.001792     0.000404     0.000071     0.005861   0.144756
  22   22     4      6   0.810872     0.304337     1.350194   0.685509     0.150984     0.024027     0.416537   3.742460
  22   22     4      6   0.787217     0.001059     0.183012   0.002217     0.000913     0.000094     0.008624   0.983136
  22   22     4      6   0.075206     0.000415     0.006779   0.001288     0.000458     0.000051     0.001767   0.085964
  16   16     8      6   0.633669     0.255087     1.141231   0.690893     0.238222     0.017728     0.304168   3.280998
  16   16     8      6   0.540890     0.000984     0.128437   0.001920     0.001208     0.000070     0.071751   0.745260
  16   16     8      6   0.057776     0.000552     0.004754   0.000941     0.000607     0.000043     0.004531   0.069204
  11   11    16      6   0.466156     0.456554     1.103132   0.733680     0.330826     0.021552     0.411416   3.523316
  11   11    16      6   0.536595     0.001451     0.091852   0.001636     0.001365     0.000081     0.050062   0.683042
  11   11    16      6   0.038212     0.000766     0.003324   0.000728     0.000711     0.000037     0.004549   0.048327
  32   32     1     12   2.143542     0.000000     1.896543   0.626209     0.000000     0.024881     0.054484   4.745659
  32   32     1     12   1.419256     0.000000     0.296490   0.003037     0.000000     0.000479     0.023575   1.742837
  32   32     1     12   0.305263     0.000000     0.014950   0.002546     0.000000     0.000312     0.007578   0.330648
  22   22     2     12   2.117742     0.341311     1.501296   0.554074     0.136338     0.025435     0.219941   4.896137
  22   22     2     12   0.758984     0.002344     0.185511   0.002184     0.000648     0.000101     0.039131   0.988903
  22   22     2     12   0.113085     0.001128     0.010226   0.001265     0.000399     0.000098     0.014279   0.140480
  16   16     4     12   1.774041     0.295681     1.333317   0.629549     0.167335     0.023199     0.180479   4.403601
  16   16     4     12   0.884758     0.001928     0.142870   0.002121     0.001387     0.000117     0.066321   1.099502
  16   16     4     12   0.228847     0.001623     0.006784   0.000888     0.000449     0.000071     0.017879   0.256542
  11   11     8     12   1.071125     0.335402     1.344188   0.716030     0.227402     0.025271     0.293238   4.012656
  11   11     8     12   0.679476     0.002333     0.107902   0.002428     0.001735     0.000317     0.021452   0.815643
  11   11     8     12   0.043155     0.000779     0.005634   0.000860     0.000506     0.000045     0.006188   0.057167
   8    8    16     12   0.443759     0.677100     1.256462   0.667674     0.464796     0.022138     0.359275   3.891204
   8    8    16     12   0.565793     0.005896     0.074133   0.001409     0.001784     0.000287     0.030022   0.679325
   8    8    16     12   0.023371     0.001796     0.003467   0.000643     0.000531     0.000050     0.009443   0.039301
