  45   45     1      1   9.371713     0.000000    10.133342   3.670444     0.000000     0.100428     0.322904  23.598831
  45   45     1      1   8.467943     0.000000     1.810540   0.021155     0.000000     0.000548     0.115286  10.415472
  45   45     1      1   0.464542     0.000000     0.037660   0.014599     0.000000     0.000495     0.008237   0.525533
  32   32     2      1   4.131929     0.170907     9.013585   3.750788     0.599155     0.104991     0.446767  18.218122
  32   32     2      1   5.804131     0.000264     1.333868   0.016059     0.003300     0.000442     0.094922   7.252986
  32   32     2      1   0.201990     0.000396     0.029423   0.009375     0.002137     0.000278     0.007624   0.251224
  22   22     4      1   1.472462     0.365011     8.569164   3.610643     0.855493     0.105240     1.381108  16.359121
  22   22     4      1   3.588049     0.000804     0.990570   0.011635     0.004399     0.000343     0.032123   4.627923
  22   22     4      1   0.145576     0.000338     0.021564   0.006416     0.002300     0.000231     0.005316   0.181741
  16   16     8      1   1.048997     0.488981     7.252237   3.557167     1.160870     0.106127     1.194158  14.808536
  16   16     8      1   2.243124     0.001206     0.702004   0.010167     0.005697     0.000390     0.032174   2.994763
  16   16     8      1   0.089555     0.001133     0.015081   0.004621     0.002616     0.000172     0.003085   0.116263
  11   11    16      1   1.072859     0.755992     6.755912   4.035550     1.820096     0.058445     1.435734  15.934588
  11   11    16      1   1.429859     0.001858     0.524930   0.009854     0.007454     0.000529     0.291911   2.266395
  11   11    16      1   0.074909     0.001356     0.011582   0.003709     0.003087     0.000166     0.007288   0.102097
  26   26     1      3   7.103354     0.000000     8.772824   2.347931     0.000000     0.106408     0.334490  18.665007
  26   26     1      3   4.797839     0.000000     1.138792   0.010528     0.000000     0.000505     0.089063   6.036727
  26   26     1      3   0.286078     0.000000     0.033924   0.006744     0.000000     0.000471     0.007082   0.334298
  18   18     2      3   2.073944     0.505522     8.947791   2.789513     0.672942     0.110849     1.110914  16.211475
  18   18     2      3   2.336941     0.001241     0.903724   0.010453     0.003158     0.000447     0.164829   3.420794
  18   18     2      3   0.145171     0.000345     0.024814   0.005616     0.001126     0.000261     0.009059   0.186392
  13   13     4      3   1.246350     0.639804     7.575687   2.747696     0.919892     0.110971     1.547479  14.787879
  13   13     4      3   0.953649     0.001962     0.607414   0.008604     0.004106     0.000402     0.621097   2.197234
  13   13     4      3   0.075854     0.000678     0.017755   0.003777     0.001708     0.000196     0.034524   0.134492
   9    9     8      3   0.824891     1.300326     6.967335   2.989435     1.238794     0.108391     1.609882  15.039054
   9    9     8      3   0.537981     0.003313     0.447222   0.008236     0.005428     0.000409     0.534562   1.537151
   9    9     8      3   0.061013     0.001210     0.011590   0.003088     0.001933     0.000153     0.038147   0.117134
   6    6    16      3   0.648371     2.109917     6.998251   3.135784     2.009912     0.115190     2.010170  17.027594
   6    6    16      3   1.304342     0.018163     0.365998   0.007977     0.007959     0.000374     0.477330   2.182143
   6    6    16      3   0.046994     0.002534     0.009268   0.002062     0.002517     0.000129     0.016851   0.080355
  18   18     1      6   7.578754     0.000000     8.453287   2.137949     0.000000     0.137318     0.399064  18.706372
  18   18     1      6   3.749004     0.000000     0.918970   0.009014     0.000000     0.000473     0.129892   4.807353
  18   18     1      6   0.295381     0.000000     0.032382   0.004936     0.000000     0.000327     0.007778   0.340804
  13   13     2      6   2.722835     0.879466     7.908575   2.123659     0.701122     0.125972     1.033138  15.494767
  13   13     2      6   1.462000     0.002138     0.661683   0.008031     0.002796     0.000802     0.313042   2.450492
  13   13     2      6   0.114027     0.000809     0.023285   0.003626     0.001154     0.000225     0.056143   0.199269
   9    9     4      6   1.500902     1.489740     7.472219   2.467208     0.909181     0.122819     1.756501  15.718570
   9    9     4      6   0.646525     0.009932     0.481059   0.007824     0.003780     0.000392     0.420996   1.570508
   9    9     4      6   0.066331     0.001158     0.015782   0.003021     0.001261     0.000147     0.049020   0.136720
   6    6     8      6   1.329607     1.921679     7.406253   2.615346     1.514804     0.119022     1.521950  16.428661
   6    6     8      6   1.285862     0.013892     0.400772   0.007460     0.005678     0.000579     0.181167   1.895410
   6    6     8      6   0.062641     0.001372     0.011802   0.001971     0.001747     0.000127     0.005928   0.085588
   4    4    16      6   0.901822     3.222339     8.327772   3.290759     2.504916     0.149136     1.950297  20.347041
   4    4    16      6   1.658703     0.027007     0.294524   0.006848     0.008086     0.000373     0.356501   2.352041
   4    4    16      6   0.021297     0.002964     0.008876   0.001804     0.002504     0.000126     0.026322   0.063893
  13   13     1     12   7.658018     0.000000     8.903951   1.872262     0.000000     0.137749     0.580410  19.152390
  13   13     1     12   3.078104     0.000000     0.787778   0.007427     0.000000     0.000636     0.069040   3.942985
  13   13     1     12   0.296121     0.000000     0.032004   0.003396     0.000000     0.000230     0.009249   0.341000
   9    9     2     12   3.860313     1.834985     8.543980   2.448244     0.847586     0.145577     0.633064  18.313749
   9    9     2     12   1.869562     0.006141     0.600436   0.009308     0.002799     0.000669     0.050782   2.539697
   9    9     2     12   0.159691     0.003443     0.022613   0.003300     0.001851     0.000222     0.006850   0.197970
   6    6     4     12   4.467212     1.862847     7.506724   2.507193     1.193965     0.160216     1.185809  18.883966
   6    6     4     12   1.842509     0.019349     0.424541   0.008952     0.004436     0.000684     0.028048   2.328518
   6    6     4     12   0.077089     0.001838     0.016723   0.001889     0.001353     0.000143     0.009853   0.108888
   4    4     8     12   1.390569     2.884345     8.802647   2.759471     1.789354     0.172729     2.107101  19.906216
   4    4     8     12   1.515376     0.027743     0.341399   0.006767     0.006497     0.000797     0.133359   2.031938
   4    4     8     12   0.038356     0.003229     0.012206   0.001775     0.001791     0.000136     0.010898   0.068391
