 181  181     1      1   2.617187     0.000000     0.450143   0.469082     0.000000     0.002010     0.279557   3.817978
 181  181     1      1   2.591535     0.000000     0.226628   0.008519     0.000000     0.000041     0.011958   2.838680
 181  181     1      1   0.252988     0.000000     0.010585   0.006417     0.000000     0.000021     0.001975   0.271986
 128  128     2      1   1.250157     0.002253     0.322409   0.283682     0.007687     0.000793     0.107929   1.974910
 128  128     2      1   1.640260     0.000054     0.164004   0.005653     0.000180     0.000015     0.004903   1.815069
 128  128     2      1   0.254141     0.000033     0.007689   0.004982     0.000090     0.000015     0.002321   0.269271
  90   90     4      1   0.539916     0.007369     0.231601   0.214187     0.016271     0.000914     0.068448   1.078706
  90   90     4      1   0.608557     0.000201     0.116581   0.004178     0.000394     0.000020     0.026035   0.755967
  90   90     4      1   0.130653     0.000124     0.006171   0.003368     0.000223     0.000010     0.002392   0.142940
  64   64     8      1   0.383153     0.008350     0.176217   0.175511     0.032268     0.000769     0.044508   0.820776
  64   64     8      1   0.381896     0.000198     0.082781   0.003268     0.000700     0.000016     0.078241   0.547099
  64   64     8      1   0.044303     0.000124     0.004624   0.002421     0.000366     0.000010     0.001523   0.053371
  45   45    16      1   0.248507     0.015896     0.126274   0.137701     0.061529     0.000727     0.039532   0.630166
  45   45    16      1   0.212632     0.000347     0.059099   0.002447     0.001314     0.000018     0.149901   0.425758
  45   45    16      1   0.034829     0.000305     0.003187   0.001656     0.000617     0.000009     0.002491   0.043094
 104  104     1      3   1.373545     0.000000     0.361555   0.242487     0.000000     0.001250     0.069263   2.048100
 104  104     1      3   1.334379     0.000000     0.143392   0.004749     0.000000     0.000041     0.002417   1.484978
 104  104     1      3   0.201816     0.000000     0.012670   0.003746     0.000000     0.000022     0.001758   0.220012
  73   73     2      3   0.728300     0.005367     0.264885   0.217154     0.008874     0.001024     0.031209   1.256814
  73   73     2      3   0.704176     0.000196     0.105026   0.003942     0.000223     0.000030     0.004899   0.818492
  73   73     2      3   0.141283     0.000034     0.009110   0.002787     0.000103     0.000018     0.004627   0.157961
  52   52     4      3   0.338737     0.010741     0.194775   0.149177     0.018774     0.000883     0.055299   0.768386
  52   52     4      3   0.315653     0.000285     0.074003   0.002707     0.000400     0.000028     0.013294   0.406370
  52   52     4      3   0.076086     0.000115     0.006564   0.001936     0.000155     0.000016     0.002002   0.086873
  36   36     8      3   0.274969     0.021017     0.127516   0.131502     0.030378     0.000982     0.069964   0.656328
  36   36     8      3   0.230109     0.000520     0.054281   0.002389     0.000706     0.000026     0.001831   0.289862
  36   36     8      3   0.077272     0.000250     0.004163   0.001463     0.000280     0.000014     0.001836   0.085278
  26   26    16      3   0.155778     0.024889     0.099887   0.084169     0.046387     0.000806     0.089560   0.501477
  26   26    16      3   0.111784     0.000624     0.035962   0.001597     0.001059     0.000024     0.066138   0.217188
  26   26    16      3   0.061026     0.000349     0.003019   0.000963     0.000465     0.000012     0.001978   0.067812
  73   73     1      6   1.106485     0.000000     0.291785   0.210961     0.000000     0.001662     0.071653   1.682546
  73   73     1      6   1.158175     0.000000     0.106455   0.003909     0.000000     0.000035     0.007100   1.275674
  73   73     1      6   0.110491     0.000000     0.012784   0.002729     0.000000     0.000021     0.002697   0.128722
  52   52     2      6   0.509068     0.008668     0.207374   0.143562     0.008569     0.000997     0.050521   0.928759
  52   52     2      6   0.419086     0.000215     0.075518   0.002628     0.000211     0.000031     0.004681   0.502370
  52   52     2      6   0.073185     0.000086     0.009235   0.001837     0.000094     0.000020     0.001520   0.085977
  36   36     4      6   0.379756     0.036345     0.152215   0.131676     0.017495     0.001145     0.052817   0.771448
  36   36     4      6   0.298894     0.000443     0.055587   0.002225     0.000397     0.000030     0.003054   0.360629
  36   36     4      6   0.074944     0.000187     0.005883   0.001379     0.000141     0.000018     0.006591   0.089143
  26   26     8      6   0.268888     0.032040     0.110997   0.090375     0.029085     0.000810     0.060382   0.592577
  26   26     8      6   0.195634     0.000651     0.039096   0.001612     0.000679     0.000029     0.033755   0.271456
  26   26     8      6   0.049988     0.000283     0.004247   0.000951     0.000239     0.000013     0.004872   0.060593
  18   18    16      6   0.206335     0.054246     0.098255   0.070414     0.041952     0.000622     0.031854   0.503678
  18   18    16      6   0.147371     0.001191     0.027559   0.001322     0.000994     0.000028     0.031512   0.209977
  18   18    16      6   0.023721     0.000411     0.003042   0.000747     0.000401     0.000012     0.003229   0.031563
  52   52     1     12   0.802403     0.000000     0.237752   0.135104     0.000000     0.001874     0.031154   1.208286
  52   52     1     12   0.598273     0.000000     0.080178   0.002680     0.000000     0.000170     0.004775   0.686076
  52   52     1     12   0.243379     0.000000     0.016466   0.002360     0.000000     0.000028     0.002664   0.264897
  36   36     2     12   0.448911     0.033817     0.170383   0.119014     0.011640     0.002023     0.244892   1.030681
  36   36     2     12   0.370976     0.000863     0.058633   0.002121     0.000214     0.000035     0.004203   0.437044
  36   36     2     12   0.121295     0.000231     0.009097   0.001362     0.000264     0.000026     0.010275   0.142550
  26   26     4     12   0.335907     0.043376     0.124571   0.081762     0.016947     0.001432     0.028964   0.632959
  26   26     4     12   0.182488     0.000670     0.041078   0.001569     0.000380     0.000050     0.043042   0.269277
  26   26     4     12   0.069594     0.001017     0.006984   0.001057     0.000187     0.000103     0.007666   0.086608
  18   18     8     12   0.288107     0.066519     0.098155   0.069813     0.031145     0.001214     0.016189   0.571142
  18   18     8     12   0.150986     0.001205     0.029448   0.001349     0.000779     0.000097     0.038582   0.222447
  18   18     8     12   0.043514     0.001217     0.004473   0.000794     0.000710     0.000016     0.004451   0.055175
  13   13    16     12   0.162057     0.082391     0.082831   0.057331     0.041786     0.000979     0.295034   0.722410
  13   13    16     12   0.104458     0.002159     0.023468   0.001377     0.001476     0.000090     0.017850   0.150877
  13   13    16     12   0.032941     0.002102     0.003184   0.000540     0.000387     0.000018     0.002149   0.041320
