  32   32     1      1   5.614743     0.000000     6.221853   2.656462     0.000000     0.040169     0.112459  14.645686
  32   32     1      1   5.604702     0.000000     1.402998   0.046986     0.000000     0.000533     0.075688   7.130907
  32   32     1      1   0.251758     0.000000     0.067085   0.026342     0.000000     0.000105     0.004151   0.349441
  22   22     2      1   2.826481     0.076874     4.730135   2.115549     0.231620     0.033488     0.264209  10.278356
  22   22     2      1   4.295502     0.000879     1.043952   0.038528     0.004466     0.000460     0.088350   5.472137
  22   22     2      1   0.152566     0.000265     0.057141   0.017694     0.001258     0.000196     0.002486   0.231605
  16   16     4      1   1.150367     0.143263     3.419108   1.818580     0.391879     0.016897     0.346201   7.286295
  16   16     4      1   1.829640     0.001552     0.738334   0.032847     0.008264     0.000437     0.115495   2.726569
  16   16     4      1   0.108295     0.000427     0.040934   0.013616     0.001570     0.000074     0.011159   0.176075
  11   11     8      1   0.672580     0.223063     2.678169   1.704073     0.745218     0.017123     0.618282   6.658508
  11   11     8      1   1.054357     0.003322     0.555322   0.030493     0.016572     0.000625     0.209635   1.870326
  11   11     8      1   0.083305     0.000838     0.031805   0.010533     0.002896     0.000103     0.009829   0.139309
   8    8    16      1   0.482320     0.299712     1.910411   1.357165     1.094479     0.015448     0.766212   5.925747
   8    8    16      1   1.074771     0.005130     0.394517   0.025751     0.023872     0.000615     0.039755   1.564411
   8    8    16      1   0.081452     0.001226     0.022454   0.007379     0.004674     0.000070     0.006888   0.124143
  18   18     1      3   3.965184     0.000000     4.320139   1.476264     0.000000     0.038483     0.089378   9.889448
  18   18     1      3   3.574340     0.000000     0.946091   0.033400     0.000000     0.000588     0.059042   4.613461
  18   18     1      3   0.229117     0.000000     0.059565   0.009967     0.000000     0.000099     0.002405   0.301153
  13   13     2      3   1.433564     0.218425     2.944080   1.432727     0.232518     0.034546     0.328993   6.624853
  13   13     2      3   2.021938     0.002780     0.683792   0.026381     0.004294     0.000651     0.059295   2.799131
  13   13     2      3   0.081562     0.000315     0.043046   0.008078     0.000618     0.000079     0.019145   0.152843
   9    9     4      3   1.039889     0.395433     2.259669   1.438521     0.445824     0.023191     0.961723   6.564250
   9    9     4      3   0.673001     0.006506     0.513509   0.026867     0.009509     0.000647     0.639228   1.869267
   9    9     4      3   0.070096     0.000715     0.032795   0.007319     0.001207     0.000071     0.026623   0.138827
   6    6     8      3   0.696284     0.771703     2.164956   1.300760     0.797558     0.036924     0.771605   6.539790
   6    6     8      3   0.306239     0.013904     0.420219   0.023960     0.018614     0.001508     0.489154   1.273598
   6    6     8      3   0.060421     0.001248     0.023142   0.005426     0.002429     0.000089     0.041098   0.133853
   4    4    16      3   0.485843     1.152953     1.588126   1.306636     1.362857     0.019601     0.989508   6.905524
   4    4    16      3   0.841455     0.027536     0.330782   0.024187     0.029780     0.000720     0.356659   1.611119
   4    4    16      3   0.019711     0.002873     0.017619   0.004667     0.004273     0.000058     0.038247   0.087448
  13   13     1      6   3.178368     0.000000     3.189848   1.083881     0.000000     0.036598     0.136365   7.625060
  13   13     1      6   1.947304     0.000000     0.679713   0.025370     0.000000     0.000902     0.024554   2.677843
  13   13     1      6   0.233348     0.000000     0.054299   0.004949     0.000000     0.000081     0.001942   0.294619
   9    9     2      6   1.903782     0.424095     2.507985   1.208210     0.259867     0.034122     0.272776   6.610837
   9    9     2      6   1.215403     0.011189     0.518813   0.023095     0.005068     0.001272     0.105173   1.880013
   9    9     2      6   0.130443     0.000566     0.039675   0.005153     0.000537     0.000074     0.004513   0.180961
   6    6     4      6   0.850576     0.986915     2.292131   1.194573     0.475375     0.035996     0.693004   6.528570
   6    6     4      6   0.497806     0.024095     0.429413   0.022004     0.009838     0.000735     0.237852   1.221743
   6    6     4      6   0.079643     0.002191     0.028855   0.004132     0.001395     0.000111     0.014186   0.130513
   4    4     8      6   0.422495     1.196784     2.082569   1.328600     0.945409     0.046375     1.078169   7.100401
   4    4     8      6   0.722141     0.033492     0.376790   0.026483     0.019522     0.000924     0.187135   1.366487
   4    4     8      6   0.035917     0.002574     0.020952   0.003783     0.002146     0.000059     0.034322   0.099753
   3    3    16      6   0.374005     1.448219     1.640956   1.190852     1.220517     0.041034     0.578401   6.493984
   3    3    16      6   0.678024     0.033871     0.272211   0.025436     0.025765     0.000981     0.149958   1.186246
   3    3    16      6   0.034502     0.004153     0.015141   0.003476     0.003535     0.000089     0.013534   0.074430
   9    9     1     12   3.217056     0.000000     2.748274   0.989392     0.000000     0.044592     0.260106   7.259420
   9    9     1     12   1.566375     0.000000     0.565848   0.020599     0.000000     0.002074     0.065585   2.220481
   9    9     1     12   0.290898     0.000000     0.064883   0.003569     0.000000     0.000076     0.005508   0.364934
   6    6     2     12   1.774970     1.077203     2.367851   1.095634     0.338160     0.048380     0.332457   7.034655
   6    6     2     12   0.911275     0.014191     0.459421   0.020839     0.005635     0.001809     0.088962   1.502132
   6    6     2     12   0.113797     0.002188     0.038018   0.003628     0.001078     0.000126     0.001415   0.160250
   4    4     4     12   1.089962     1.287588     2.257814   1.348742     0.697650     0.056244     0.519132   7.257132
   4    4     4     12   0.964812     0.025147     0.403290   0.031413     0.014472     0.001990     0.126241   1.567365
   4    4     4     12   0.063429     0.003636     0.027776   0.003116     0.001263     0.000082     0.031988   0.131290
   3    3     8     12   0.595302     1.588291     1.798821   1.224125     0.971231     0.046567     0.644361   6.868698
   3    3     8     12   0.795338     0.059220     0.317291   0.018275     0.020410     0.002083     0.040268   1.252885
   3    3     8     12   0.047696     0.003828     0.019018   0.002727     0.002016     0.000092     0.003766   0.079143
   2    2    16     12   0.399681     2.824917     1.768288   1.299100     1.369371     0.051079     0.852845   8.565282
   2    2    16     12   0.770614     0.077733     0.304400   0.028480     0.032770     0.002168     0.092947   1.309112
   2    2    16     12   0.040069     0.007667     0.013378   0.003023     0.003884     0.000177     0.004996   0.073194
