  45   45     1      1   5.158245     0.000000     3.752324   1.887741     0.000000     0.012336     0.129330  10.939976
  45   45     1      1   5.292824     0.000000     0.964112   0.037232     0.000000     0.000268     0.053812   6.348248
  45   45     1      1   0.305555     0.000000     0.046103   0.021539     0.000000     0.000071     0.002730   0.375998
  32   32     2      1   2.533452     0.037578     2.672992   1.570972     0.118657     0.014354     0.141511   7.089516
  32   32     2      1   3.586409     0.000439     0.690570   0.030564     0.002236     0.000211     0.035519   4.345948
  32   32     2      1   0.171143     0.000122     0.038628   0.015054     0.000551     0.000054     0.006424   0.231976
  22   22     4      1   1.151049     0.082835     2.107457   1.203604     0.231216     0.011735     0.137505   4.925401
  22   22     4      1   2.068941     0.001642     0.513140   0.021292     0.004666     0.000273     0.029843   2.639798
  22   22     4      1   0.103826     0.000317     0.029282   0.010231     0.001082     0.000100     0.005917   0.150755
  16   16     8      1   0.511786     0.113392     1.484757   0.963373     0.379346     0.013230     0.319077   3.784961
  16   16     8      1   0.854044     0.001406     0.358498   0.017667     0.008065     0.000315     0.110134   1.350129
  16   16     8      1   0.081340     0.000439     0.021216   0.007604     0.001816     0.000044     0.001108   0.113567
  11   11    16      1   0.605633     0.167479     1.133044   0.864080     0.578818     0.008505     0.268191   3.625750
  11   11    16      1   0.901811     0.002690     0.267572   0.016165     0.013379     0.000276     0.065973   1.267866
  11   11    16      1   0.072442     0.000815     0.015627   0.005843     0.003155     0.000056     0.007311   0.105249
  26   26     1      3   2.844328     0.000000     2.450933   0.962832     0.000000     0.019654     0.064860   6.342608
  26   26     1      3   2.563210     0.000000     0.619541   0.017641     0.000000     0.000284     0.037629   3.238305
  26   26     1      3   0.128097     0.000000     0.042429   0.007890     0.000000     0.000060     0.001802   0.180277
  18   18     2      3   2.122217     0.115803     1.952031   0.937916     0.122232     0.018836     0.092189   5.361224
  18   18     2      3   2.294287     0.001240     0.462155   0.017382     0.002266     0.000275     0.039166   2.816771
  18   18     2      3   0.082726     0.000265     0.030763   0.007017     0.000419     0.000051     0.005567   0.126807
  13   13     4      3   0.896363     0.193202     1.344385   0.838292     0.219086     0.010976     0.406695   3.908999
  13   13     4      3   1.302870     0.002365     0.338313   0.015031     0.004387     0.000334     0.005460   1.668760
  13   13     4      3   0.067018     0.000579     0.023106   0.005335     0.000884     0.000070     0.001449   0.098441
   9    9     8      3   0.433915     0.340666     1.036916   0.802394     0.353712     0.009078     0.716231   3.692911
   9    9     8      3   0.329198     0.005430     0.256954   0.014402     0.008146     0.000322     0.268349   0.882801
   9    9     8      3   0.080473     0.001229     0.014384   0.004496     0.001413     0.000055     0.009118   0.111168
   6    6    16      3   0.220925     0.486261     0.966351   0.673519     0.630624     0.009406     0.556662   3.543748
   6    6    16      3   0.618737     0.007489     0.218082   0.012653     0.013401     0.000353     0.071364   0.942079
   6    6    16      3   0.054231     0.001294     0.010825   0.003184     0.002470     0.000042     0.003751   0.075797
  18   18     1      6   2.774583     0.000000     2.069293   0.759699     0.000000     0.020395     0.105917   5.729887
  18   18     1      6   1.875755     0.000000     0.492641   0.014793     0.000000     0.000333     0.065671   2.449194
  18   18     1      6   0.191268     0.000000     0.040740   0.005139     0.000000     0.000058     0.003036   0.240241
  13   13     2      6   1.411548     0.191208     1.540583   0.744764     0.131980     0.019975     0.079103   4.119161
  13   13     2      6   0.985765     0.002241     0.355800   0.013265     0.002385     0.000374     0.004875   1.364705
  13   13     2      6   0.095435     0.000306     0.028286   0.004163     0.000351     0.000053     0.004778   0.133372
   9    9     4      6   0.842301     0.433793     1.240014   0.760244     0.225885     0.017786     0.288282   3.808305
   9    9     4      6   0.575439     0.007696     0.275711   0.013419     0.004503     0.000348     0.065661   0.942777
   9    9     4      6   0.076549     0.000812     0.019249   0.003700     0.000656     0.000041     0.013133   0.114139
   6    6     8      6   0.524591     0.600113     1.007050   0.683923     0.439608     0.020742     0.341942   3.617969
   6    6     8      6   0.464675     0.016892     0.213501   0.012320     0.008728     0.000345     0.173994   0.890454
   6    6     8      6   0.057596     0.002004     0.014269   0.002695     0.001293     0.000052     0.000932   0.078841
   4    4    16      6   0.520762     0.830098     0.978516   0.736789     0.700733     0.023473     0.337702   4.128073
   4    4    16      6   0.549770     0.020466     0.193912   0.017333     0.014745     0.000415     0.138236   0.934877
   4    4    16      6   0.031532     0.002675     0.010491   0.002423     0.002288     0.000036     0.008706   0.058151
  13   13     1     12   2.146042     0.000000     1.654800   0.642187     0.000000     0.023614     0.108383   4.575026
  13   13     1     12   1.203260     0.000000     0.378851   0.011562     0.000000     0.001026     0.020895   1.615594
  13   13     1     12   0.211008     0.000000     0.049349   0.003653     0.000000     0.000232     0.003967   0.268209
   9    9     2     12   1.169374     0.452265     1.323957   0.704092     0.155204     0.023183     0.278219   4.106293
   9    9     2     12   0.796088     0.009652     0.302654   0.013498     0.003876     0.001050     0.027373   1.154191
   9    9     2     12   0.092423     0.000785     0.031624   0.003193     0.000327     0.000048     0.001661   0.130061
   6    6     4     12   0.843624     0.557368     1.192775   0.796579     0.315911     0.023785     0.214881   3.944923
   6    6     4     12   0.554045     0.010825     0.226590   0.013288     0.006146     0.000547     0.142454   0.953895
   6    6     4     12   0.070031     0.002695     0.018705   0.002770     0.001429     0.000109     0.004292   0.100031
   4    4     8     12   0.611256     0.845228     1.073449   0.794427     0.530916     0.026333     0.619755   4.501364
   4    4     8     12   0.672484     0.024640     0.186292   0.013943     0.011792     0.000991     0.065535   0.975677
   4    4     8     12   0.031794     0.003220     0.013919   0.002320     0.001594     0.000109     0.019776   0.072732
   3    3    16     12   0.477227     1.030922     0.978860   0.734837     0.631243     0.023354     0.186322   4.062765
   3    3    16     12   0.449233     0.030665     0.156736   0.018452     0.014414     0.000960     0.099119   0.769579
   3    3    16     12   0.026219     0.004112     0.009097   0.002068     0.002110     0.000100     0.007546   0.051252
