  90   90     1      1   3.998888     0.000000     1.156039   0.826418     0.000000     0.003556     0.180377   6.165278
  90   90     1      1   4.208026     0.000000     0.466391   0.016606     0.000000     0.000075     0.020931   4.712029
  90   90     1      1   0.363507     0.000000     0.020767   0.011647     0.000000     0.000033     0.004202   0.400156
  64   64     2      1   1.947056     0.006580     0.844859   0.675490     0.031636     0.003421     0.092202   3.601244
  64   64     2      1   2.689585     0.000141     0.331863   0.013353     0.000724     0.000068     0.016371   3.052105
  64   64     2      1   0.226814     0.000068     0.015097   0.008739     0.000257     0.000027     0.006531   0.257533
  45   45     4      1   0.827716     0.014945     0.631044   0.534307     0.055564     0.002890     0.126535   2.193002
  45   45     4      1   1.144559     0.000556     0.238818   0.010243     0.001261     0.000072     0.008216   1.403724
  45   45     4      1   0.089891     0.000233     0.012880   0.006193     0.000457     0.000023     0.001103   0.110780
  32   32     8      1   0.646158     0.029542     0.446966   0.413066     0.105419     0.002583     0.101146   1.744879
  32   32     8      1   0.771734     0.000551     0.170929   0.008435     0.002282     0.000064     0.004806   0.958801
  32   32     8      1   0.100662     0.000319     0.009554   0.004317     0.000762     0.000022     0.001581   0.117217
  22   22    16      1   0.622404     0.058302     0.336985   0.310749     0.184550     0.002944     0.100351   1.616285
  22   22    16      1   0.572610     0.000819     0.124656   0.005708     0.003751     0.000089     0.068604   0.776237
  22   22    16      1   0.097127     0.000475     0.007012   0.002938     0.001358     0.000020     0.001476   0.110406
  52   52     1      3   2.069872     0.000000     0.841956   0.537424     0.000000     0.003619     0.050411   3.503281
  52   52     1      3   2.001971     0.000000     0.289799   0.010673     0.000000     0.000088     0.014100   2.316631
  52   52     1      3   0.153312     0.000000     0.022343   0.005878     0.000000     0.000032     0.001457   0.183022
  36   36     2      3   1.036535     0.030339     0.618349   0.476032     0.035362     0.005265     0.052260   2.254142
  36   36     2      3   1.423389     0.000377     0.220209   0.009064     0.000666     0.000084     0.004377   1.658166
  36   36     2      3   0.120253     0.000141     0.016766   0.004562     0.000227     0.000041     0.006078   0.148068
  26   26     4      3   0.513646     0.046670     0.450104   0.320064     0.052189     0.004255     0.085328   1.472256
  26   26     4      3   0.554981     0.000578     0.148291   0.005894     0.001221     0.000091     0.038216   0.749272
  26   26     4      3   0.069751     0.000226     0.012067   0.003066     0.000325     0.000031     0.002280   0.087746
  18   18     8      3   0.424556     0.100440     0.322286   0.281968     0.096621     0.002514     0.158975   1.387359
  18   18     8      3   0.388983     0.001324     0.107235   0.005097     0.002198     0.000080     0.058624   0.563540
  18   18     8      3   0.059443     0.000432     0.007550   0.002429     0.000574     0.000023     0.000777   0.071228
  13   13    16      3   0.265435     0.122275     0.230649   0.220587     0.151831     0.002670     0.139966   1.133412
  13   13    16      3   0.309595     0.001970     0.079441   0.004157     0.003266     0.000082     0.028050   0.426561
  13   13    16      3   0.041310     0.000590     0.005229   0.001711     0.000939     0.000018     0.003195   0.052992
  36   36     1      6   1.640116     0.000000     0.692194   0.402687     0.000000     0.004299     0.042413   2.781709
  36   36     1      6   1.393835     0.000000     0.215222   0.008167     0.000000     0.000092     0.005527   1.622844
  36   36     1      6   0.135599     0.000000     0.021890   0.004005     0.000000     0.000028     0.001649   0.163172
  26   26     2      6   0.708367     0.071751     0.476833   0.284807     0.035703     0.006007     0.056809   1.640277
  26   26     2      6   0.839740     0.000614     0.155250   0.005477     0.000668     0.000096     0.013685   1.015530
  26   26     2      6   0.086099     0.000188     0.015788   0.002767     0.000224     0.000044     0.000851   0.105961
  18   18     4      6   0.509042     0.140515     0.360833   0.254298     0.053257     0.003657     0.117357   1.438959
  18   18     4      6   0.325716     0.001595     0.113674   0.005005     0.001195     0.000086     0.029335   0.476607
  18   18     4      6   0.074549     0.000376     0.009960   0.002230     0.000294     0.000030     0.001404   0.088844
  13   13     8      6   0.402657     0.141937     0.316796   0.213266     0.093921     0.004372     0.063685   1.236634
  13   13     8      6   0.286523     0.002375     0.084639   0.004076     0.002084     0.000081     0.020383   0.400161
  13   13     8      6   0.047412     0.000576     0.007064   0.001642     0.000502     0.000034     0.002054   0.059284
   9    9    16      6   0.268276     0.182216     0.192883   0.210464     0.151806     0.005905     0.158547   1.170097
   9    9    16      6   0.297177     0.003594     0.062306   0.003706     0.003217     0.000088     0.029029   0.399117
   9    9    16      6   0.037360     0.000844     0.005025   0.001300     0.000803     0.000019     0.001157   0.046508
  26   26     1     12   1.123553     0.000000     0.547453   0.238162     0.000000     0.006764     0.058853   1.974785
  26   26     1     12   0.837771     0.000000     0.165701   0.005155     0.000000     0.000432     0.011791   1.020850
  26   26     1     12   0.203421     0.000000     0.027765   0.002402     0.000000     0.000025     0.003145   0.236757
  18   18     2     12   0.867905     0.122697     0.448881   0.225197     0.038956     0.006514     0.080374   1.790524
  18   18     2     12   0.550553     0.001666     0.124434   0.004742     0.000617     0.000089     0.013624   0.695725
  18   18     2     12   0.083195     0.000579     0.014570   0.001888     0.000201     0.000124     0.005365   0.105923
  13   13     4     12   0.473816     0.144430     0.411168   0.274565     0.065573     0.006057     0.068535   1.444144
  13   13     4     12   0.346093     0.003944     0.092679   0.003945     0.001302     0.000367     0.028559   0.476889
  13   13     4     12   0.052310     0.000757     0.012283   0.001603     0.000322     0.000029     0.003763   0.071067
   9    9     8     12   0.469350     0.219800     0.304102   0.216306     0.100681     0.006024     0.063743   1.380006
   9    9     8     12   0.321597     0.004754     0.079647   0.003970     0.002747     0.000101     0.024554   0.437370
   9    9     8     12   0.036591     0.001466     0.006983   0.001398     0.000487     0.000025     0.004475   0.051425
   6    6    16     12   0.313004     0.269180     0.280146   0.189984     0.172610     0.006592     0.150179   1.381695
   6    6    16     12   0.292013     0.010706     0.060590   0.004179     0.003964     0.000180     0.005429   0.377061
   6    6    16     12   0.021595     0.001762     0.005229   0.000896     0.000834     0.000110     0.003081   0.033507
