 110  110     1      1   1.716315     0.000000     0.238583   0.058162     0.000000     0.004330     0.021136   2.038526
 110  110     1      1   1.716315     0.000000     0.238583   0.058162     0.000000     0.004330     0.021136   2.038526
 110  110     1      1   1.716315     0.000000     0.238583   0.058162     0.000000     0.004330     0.021136   2.038526
 110  110     1      1   1.716315     0.000000     0.238583   0.058162     0.000000     0.004330     0.021136   2.038526
 110  110     1      1   1.716315     0.000000     0.238583   0.058162     0.000000     0.004330     0.021136   2.038526
  78   78     2      1   0.833411     0.014616     0.175012   0.049809     0.020605     0.003363     0.164304   1.261120
  78   78     2      1   0.833411     0.014616     0.175012   0.049809     0.020605     0.003363     0.164304   1.261120
  78   78     2      1   0.833411     0.014616     0.175012   0.049809     0.020605     0.003363     0.164304   1.261120
  78   78     2      1   0.833411     0.014616     0.175012   0.049809     0.020605     0.003363     0.164304   1.261120
  78   78     2      1   0.833411     0.014616     0.175012   0.049809     0.020605     0.003363     0.164304   1.261120
  55   55     4      1   0.499925     0.010657     0.125171   0.047724     0.027491     0.003641     0.210837   0.925446
  55   55     4      1   0.499925     0.010657     0.125171   0.047724     0.027491     0.003641     0.210837   0.925446
  55   55     4      1   0.499925     0.010657     0.125171   0.047724     0.027491     0.003641     0.210837   0.925446
  55   55     4      1   0.499925     0.010657     0.125171   0.047724     0.027491     0.003641     0.210837   0.925446
  55   55     4      1   0.499925     0.010657     0.125171   0.047724     0.027491     0.003641     0.210837   0.925446
  39   39     8      1   0.376428     0.027808     0.094274   0.041166     0.032119     0.003419     0.208747   0.783961
  39   39     8      1   0.376428     0.027808     0.094274   0.041166     0.032119     0.003419     0.208747   0.783961
  39   39     8      1   0.376428     0.027808     0.094274   0.041166     0.032119     0.003419     0.208747   0.783961
  39   39     8      1   0.376428     0.027808     0.094274   0.041166     0.032119     0.003419     0.208747   0.783961
  39   39     8      1   0.376428     0.027808     0.094274   0.041166     0.032119     0.003419     0.208747   0.783961
  32   32    12      1   0.269120     0.016216     0.078037   0.038554     0.029740     0.002029     0.065553   0.499249
  32   32    12      1   0.269120     0.016216     0.078037   0.038554     0.029740     0.002029     0.065553   0.499249
  32   32    12      1   0.269120     0.016216     0.078037   0.038554     0.029740     0.002029     0.065553   0.499249
  32   32    12      1   0.269120     0.016216     0.078037   0.038554     0.029740     0.002029     0.065553   0.499249
  32   32    12      1   0.269120     0.016216     0.078037   0.038554     0.029740     0.002029     0.065553   0.499249
  27   27    16      1   0.237874     0.034259     0.068539   0.029039     0.042034     0.002781     0.071061   0.485587
  27   27    16      1   0.237874     0.034259     0.068539   0.029039     0.042034     0.002781     0.071061   0.485587
  27   27    16      1   0.237874     0.034259     0.068539   0.029039     0.042034     0.002781     0.071061   0.485587
  27   27    16      1   0.237874     0.034259     0.068539   0.029039     0.042034     0.002781     0.071061   0.485587
  27   27    16      1   0.237874     0.034259     0.068539   0.029039     0.042034     0.002781     0.071061   0.485587
  64   64     1      3   0.950364     0.000000     0.156731   0.051851     0.000000     0.004707     0.027189   1.190842
  64   64     1      3   0.950364     0.000000     0.156731   0.051851     0.000000     0.004707     0.027189   1.190842
  64   64     1      3   0.950364     0.000000     0.156731   0.051851     0.000000     0.004707     0.027189   1.190842
  64   64     1      3   0.950364     0.000000     0.156731   0.051851     0.000000     0.004707     0.027189   1.190842
  64   64     1      3   0.950364     0.000000     0.156731   0.051851     0.000000     0.004707     0.027189   1.190842
  45   45     2      3   0.497798     0.022561     0.121307   0.054114     0.025989     0.005115     0.256567   0.983452
  45   45     2      3   0.497798     0.022561     0.121307   0.054114     0.025989     0.005115     0.256567   0.983452
  45   45     2      3   0.497798     0.022561     0.121307   0.054114     0.025989     0.005115     0.256567   0.983452
  45   45     2      3   0.497798     0.022561     0.121307   0.054114     0.025989     0.005115     0.256567   0.983452
  45   45     2      3   0.497798     0.022561     0.121307   0.054114     0.025989     0.005115     0.256567   0.983452
  32   32     4      3   0.278477     0.029244     0.090875   0.048298     0.033929     0.004829     0.074427   0.560079
  32   32     4      3   0.278477     0.029244     0.090875   0.048298     0.033929     0.004829     0.074427   0.560079
  32   32     4      3   0.278477     0.029244     0.090875   0.048298     0.033929     0.004829     0.074427   0.560079
  32   32     4      3   0.278477     0.029244     0.090875   0.048298     0.033929     0.004829     0.074427   0.560079
  32   32     4      3   0.278477     0.029244     0.090875   0.048298     0.033929     0.004829     0.074427   0.560079
  22   22     8      3   0.227189     0.032328     0.067904   0.039197     0.031065     0.004230     0.059567   0.461480
  22   22     8      3   0.227189     0.032328     0.067904   0.039197     0.031065     0.004230     0.059567   0.461480
  22   22     8      3   0.227189     0.032328     0.067904   0.039197     0.031065     0.004230     0.059567   0.461480
  22   22     8      3   0.227189     0.032328     0.067904   0.039197     0.031065     0.004230     0.059567   0.461480
  22   22     8      3   0.227189     0.032328     0.067904   0.039197     0.031065     0.004230     0.059567   0.461480
  18   18    12      3   0.195229     0.030541     0.062395   0.047192     0.034385     0.002685     0.065667   0.438095
  18   18    12      3   0.195229     0.030541     0.062395   0.047192     0.034385     0.002685     0.065667   0.438095
  18   18    12      3   0.195229     0.030541     0.062395   0.047192     0.034385     0.002685     0.065667   0.438095
  18   18    12      3   0.195229     0.030541     0.062395   0.047192     0.034385     0.002685     0.065667   0.438095
  18   18    12      3   0.195229     0.030541     0.062395   0.047192     0.034385     0.002685     0.065667   0.438095
  16   16    16      3   0.137768     0.022637     0.052659   0.046487     0.032050     0.001957     0.258715   0.552273
  16   16    16      3   0.137768     0.022637     0.052659   0.046487     0.032050     0.001957     0.258715   0.552273
  16   16    16      3   0.137768     0.022637     0.052659   0.046487     0.032050     0.001957     0.258715   0.552273
  16   16    16      3   0.137768     0.022637     0.052659   0.046487     0.032050     0.001957     0.258715   0.552273
  16   16    16      3   0.137768     0.022637     0.052659   0.046487     0.032050     0.001957     0.258715   0.552273
  45   45     1      6   0.924270     0.000000     0.132221   0.058435     0.000000     0.006023     0.022863   1.143812
  45   45     1      6   0.924270     0.000000     0.132221   0.058435     0.000000     0.006023     0.022863   1.143812
  45   45     1      6   0.924270     0.000000     0.132221   0.058435     0.000000     0.006023     0.022863   1.143812
  45   45     1      6   0.924270     0.000000     0.132221   0.058435     0.000000     0.006023     0.022863   1.143812
  45   45     1      6   0.924270     0.000000     0.132221   0.058435     0.000000     0.006023     0.022863   1.143812
  32   32     2      6   0.371308     0.037657     0.101781   0.051621     0.027981     0.005854     0.046358   0.642560
  32   32     2      6   0.371308     0.037657     0.101781   0.051621     0.027981     0.005854     0.046358   0.642560
  32   32     2      6   0.371308     0.037657     0.101781   0.051621     0.027981     0.005854     0.046358   0.642560
  32   32     2      6   0.371308     0.037657     0.101781   0.051621     0.027981     0.005854     0.046358   0.642560
  32   32     2      6   0.371308     0.037657     0.101781   0.051621     0.027981     0.005854     0.046358   0.642560
  22   22     4      6   0.276412     0.056765     0.078903   0.056976     0.033108     0.005066     0.179530   0.686760
  22   22     4      6   0.276412     0.056765     0.078903   0.056976     0.033108     0.005066     0.179530   0.686760
  22   22     4      6   0.276412     0.056765     0.078903   0.056976     0.033108     0.005066     0.179530   0.686760
  22   22     4      6   0.276412     0.056765     0.078903   0.056976     0.033108     0.005066     0.179530   0.686760
  22   22     4      6   0.276412     0.056765     0.078903   0.056976     0.033108     0.005066     0.179530   0.686760
  16   16     8      6   0.174216     0.055519     0.052688   0.029986     0.031795     0.004086     0.198864   0.547154
  16   16     8      6   0.174216     0.055519     0.052688   0.029986     0.031795     0.004086     0.198864   0.547154
  16   16     8      6   0.174216     0.055519     0.052688   0.029986     0.031795     0.004086     0.198864   0.547154
  16   16     8      6   0.174216     0.055519     0.052688   0.029986     0.031795     0.004086     0.198864   0.547154
  16   16     8      6   0.174216     0.055519     0.052688   0.029986     0.031795     0.004086     0.198864   0.547154
  13   13    12      6   0.111457     0.077109     0.048668   0.043552     0.036848     0.005316     0.210008   0.532958
  13   13    12      6   0.111457     0.077109     0.048668   0.043552     0.036848     0.005316     0.210008   0.532958
  13   13    12      6   0.111457     0.077109     0.048668   0.043552     0.036848     0.005316     0.210008   0.532958
  13   13    12      6   0.111457     0.077109     0.048668   0.043552     0.036848     0.005316     0.210008   0.532958
  13   13    12      6   0.111457     0.077109     0.048668   0.043552     0.036848     0.005316     0.210008   0.532958
  11   11    16      6   0.105500     0.066369     0.042864   0.033463     0.043518     0.004851     0.106383   0.402947
  11   11    16      6   0.105500     0.066369     0.042864   0.033463     0.043518     0.004851     0.106383   0.402947
  11   11    16      6   0.105500     0.066369     0.042864   0.033463     0.043518     0.004851     0.106383   0.402947
  11   11    16      6   0.105500     0.066369     0.042864   0.033463     0.043518     0.004851     0.106383   0.402947
  11   11    16      6   0.105500     0.066369     0.042864   0.033463     0.043518     0.004851     0.106383   0.402947
  32   32     1     12   0.572753     0.000000     0.114147   0.060338     0.000000     0.006276     0.020711   0.774225
  32   32     1     12   0.572753     0.000000     0.114147   0.060338     0.000000     0.006276     0.020711   0.774225
  32   32     1     12   0.572753     0.000000     0.114147   0.060338     0.000000     0.006276     0.020711   0.774225
  32   32     1     12   0.572753     0.000000     0.114147   0.060338     0.000000     0.006276     0.020711   0.774225
  32   32     1     12   0.572753     0.000000     0.114147   0.060338     0.000000     0.006276     0.020711   0.774225
  22   22     2     12   0.373000     0.087213     0.091776   0.068545     0.038363     0.007200     0.113204   0.779300
  22   22     2     12   0.373000     0.087213     0.091776   0.068545     0.038363     0.007200     0.113204   0.779300
  22   22     2     12   0.373000     0.087213     0.091776   0.068545     0.038363     0.007200     0.113204   0.779300
  22   22     2     12   0.373000     0.087213     0.091776   0.068545     0.038363     0.007200     0.113204   0.779300
  22   22     2     12   0.373000     0.087213     0.091776   0.068545     0.038363     0.007200     0.113204   0.779300
  16   16     4     12   0.194453     0.066662     0.063372   0.048776     0.036860     0.006082     0.223084   0.639289
  16   16     4     12   0.194453     0.066662     0.063372   0.048776     0.036860     0.006082     0.223084   0.639289
  16   16     4     12   0.194453     0.066662     0.063372   0.048776     0.036860     0.006082     0.223084   0.639289
  16   16     4     12   0.194453     0.066662     0.063372   0.048776     0.036860     0.006082     0.223084   0.639289
  16   16     4     12   0.194453     0.066662     0.063372   0.048776     0.036860     0.006082     0.223084   0.639289
  11   11     8     12   0.152556     0.078582     0.052118   0.046613     0.045141     0.006642     0.081644   0.463295
  11   11     8     12   0.152556     0.078582     0.052118   0.046613     0.045141     0.006642     0.081644   0.463295
  11   11     8     12   0.152556     0.078582     0.052118   0.046613     0.045141     0.006642     0.081644   0.463295
  11   11     8     12   0.152556     0.078582     0.052118   0.046613     0.045141     0.006642     0.081644   0.463295
  11   11     8     12   0.152556     0.078582     0.052118   0.046613     0.045141     0.006642     0.081644   0.463295
   9    9    12     12   0.112052     0.073333     0.045983   0.048869     0.046797     0.006147     0.233418   0.566599
   9    9    12     12   0.112052     0.073333     0.045983   0.048869     0.046797     0.006147     0.233418   0.566599
   9    9    12     12   0.112052     0.073333     0.045983   0.048869     0.046797     0.006147     0.233418   0.566599
   9    9    12     12   0.112052     0.073333     0.045983   0.048869     0.046797     0.006147     0.233418   0.566599
   9    9    12     12   0.112052     0.073333     0.045983   0.048869     0.046797     0.006147     0.233418   0.566599
   8    8    16     12   0.084151     0.090219     0.040542   0.040146     0.042276     0.006041     0.106345   0.409720
   8    8    16     12   0.084151     0.090219     0.040542   0.040146     0.042276     0.006041     0.106345   0.409720
   8    8    16     12   0.084151     0.090219     0.040542   0.040146     0.042276     0.006041     0.106345   0.409720
   8    8    16     12   0.084151     0.090219     0.040542   0.040146     0.042276     0.006041     0.106345   0.409720
   8    8    16     12   0.084151     0.090219     0.040542   0.040146     0.042276     0.006041     0.106345   0.409720
