 256  256     1      1  23.240583     0.000000     1.715132   0.150614     0.000000     0.023967     0.122372  25.252669
 256  256     1      1  23.240583     0.000000     1.715132   0.150614     0.000000     0.023967     0.122372  25.252669
 256  256     1      1  23.240583     0.000000     1.715132   0.150614     0.000000     0.023967     0.122372  25.252669
 256  256     1      1  23.240583     0.000000     1.715132   0.150614     0.000000     0.023967     0.122372  25.252669
 256  256     1      1  23.240583     0.000000     1.715132   0.150614     0.000000     0.023967     0.122372  25.252669
 181  181     2      1  11.855145     0.033670     1.221184   0.138711     0.063837     0.021048     1.812069  15.145664
 181  181     2      1  11.855145     0.033670     1.221184   0.138711     0.063837     0.021048     1.812069  15.145664
 181  181     2      1  11.855145     0.033670     1.221184   0.138711     0.063837     0.021048     1.812069  15.145664
 181  181     2      1  11.855145     0.033670     1.221184   0.138711     0.063837     0.021048     1.812069  15.145664
 181  181     2      1  11.855145     0.033670     1.221184   0.138711     0.063837     0.021048     1.812069  15.145664
 128  128     4      1   9.044133     0.041796     0.880525   0.134959     0.089121     0.021751     1.691790  11.904075
 128  128     4      1   9.044133     0.041796     0.880525   0.134959     0.089121     0.021751     1.691790  11.904075
 128  128     4      1   9.044133     0.041796     0.880525   0.134959     0.089121     0.021751     1.691790  11.904075
 128  128     4      1   9.044133     0.041796     0.880525   0.134959     0.089121     0.021751     1.691790  11.904075
 128  128     4      1   9.044133     0.041796     0.880525   0.134959     0.089121     0.021751     1.691790  11.904075
  90   90     8      1   5.482874     0.072421     0.637951   0.109140     0.085623     0.021477     3.019391   9.428877
  90   90     8      1   5.482874     0.072421     0.637951   0.109140     0.085623     0.021477     3.019391   9.428877
  90   90     8      1   5.482874     0.072421     0.637951   0.109140     0.085623     0.021477     3.019391   9.428877
  90   90     8      1   5.482874     0.072421     0.637951   0.109140     0.085623     0.021477     3.019391   9.428877
  90   90     8      1   5.482874     0.072421     0.637951   0.109140     0.085623     0.021477     3.019391   9.428877
  73   73    12      1   3.814055     0.061345     0.512037   0.097298     0.080911     0.012015     2.632942   7.210604
  73   73    12      1   3.814055     0.061345     0.512037   0.097298     0.080911     0.012015     2.632942   7.210604
  73   73    12      1   3.814055     0.061345     0.512037   0.097298     0.080911     0.012015     2.632942   7.210604
  73   73    12      1   3.814055     0.061345     0.512037   0.097298     0.080911     0.012015     2.632942   7.210604
  73   73    12      1   3.814055     0.061345     0.512037   0.097298     0.080911     0.012015     2.632942   7.210604
  64   64    16      1   5.868985     0.054813     0.449535   0.106865     0.078996     0.012408     0.514868   7.086469
  64   64    16      1   5.868985     0.054813     0.449535   0.106865     0.078996     0.012408     0.514868   7.086469
  64   64    16      1   5.868985     0.054813     0.449535   0.106865     0.078996     0.012408     0.514868   7.086469
  64   64    16      1   5.868985     0.054813     0.449535   0.106865     0.078996     0.012408     0.514868   7.086469
  64   64    16      1   5.868985     0.054813     0.449535   0.106865     0.078996     0.012408     0.514868   7.086469
 181  181     1      2  17.395814     0.000000     1.274290   0.138023     0.000000     0.022742     0.121926  18.952795
 181  181     1      2  17.395814     0.000000     1.274290   0.138023     0.000000     0.022742     0.121926  18.952795
 181  181     1      2  17.395814     0.000000     1.274290   0.138023     0.000000     0.022742     0.121926  18.952795
 181  181     1      2  17.395814     0.000000     1.274290   0.138023     0.000000     0.022742     0.121926  18.952795
 181  181     1      2  17.395814     0.000000     1.274290   0.138023     0.000000     0.022742     0.121926  18.952795
 128  128     2      2  10.059901     0.060555     0.913216   0.127042     0.067506     0.021958     0.530630  11.780808
 128  128     2      2  10.059901     0.060555     0.913216   0.127042     0.067506     0.021958     0.530630  11.780808
 128  128     2      2  10.059901     0.060555     0.913216   0.127042     0.067506     0.021958     0.530630  11.780808
 128  128     2      2  10.059901     0.060555     0.913216   0.127042     0.067506     0.021958     0.530630  11.780808
 128  128     2      2  10.059901     0.060555     0.913216   0.127042     0.067506     0.021958     0.530630  11.780808
  90   90     4      2   6.020514     0.075769     0.670746   0.129033     0.075515     0.020191     0.914069   7.905837
  90   90     4      2   6.020514     0.075769     0.670746   0.129033     0.075515     0.020191     0.914069   7.905837
  90   90     4      2   6.020514     0.075769     0.670746   0.129033     0.075515     0.020191     0.914069   7.905837
  90   90     4      2   6.020514     0.075769     0.670746   0.129033     0.075515     0.020191     0.914069   7.905837
  90   90     4      2   6.020514     0.075769     0.670746   0.129033     0.075515     0.020191     0.914069   7.905837
  64   64     8      2   4.851084     0.098806     0.467404   0.108722     0.084288     0.021845     0.488722   6.120870
  64   64     8      2   4.851084     0.098806     0.467404   0.108722     0.084288     0.021845     0.488722   6.120870
  64   64     8      2   4.851084     0.098806     0.467404   0.108722     0.084288     0.021845     0.488722   6.120870
  64   64     8      2   4.851084     0.098806     0.467404   0.108722     0.084288     0.021845     0.488722   6.120870
  64   64     8      2   4.851084     0.098806     0.467404   0.108722     0.084288     0.021845     0.488722   6.120870
  52   52    12      2   3.508305     0.103905     0.404153   0.100827     0.096633     0.021149     0.598108   4.833080
  52   52    12      2   3.508305     0.103905     0.404153   0.100827     0.096633     0.021149     0.598108   4.833080
  52   52    12      2   3.508305     0.103905     0.404153   0.100827     0.096633     0.021149     0.598108   4.833080
  52   52    12      2   3.508305     0.103905     0.404153   0.100827     0.096633     0.021149     0.598108   4.833080
  52   52    12      2   3.508305     0.103905     0.404153   0.100827     0.096633     0.021149     0.598108   4.833080
  45   45    16      2   2.649879     0.151017     0.362010   0.109123     0.092617     0.016355     0.549846   3.930848
  45   45    16      2   2.649879     0.151017     0.362010   0.109123     0.092617     0.016355     0.549846   3.930848
  45   45    16      2   2.649879     0.151017     0.362010   0.109123     0.092617     0.016355     0.549846   3.930848
  45   45    16      2   2.649879     0.151017     0.362010   0.109123     0.092617     0.016355     0.549846   3.930848
  45   45    16      2   2.649879     0.151017     0.362010   0.109123     0.092617     0.016355     0.549846   3.930848
 128  128     1      4  15.037540     0.000000     1.054379   0.147589     0.000000     0.023663     0.132552  16.395723
 128  128     1      4  15.037540     0.000000     1.054379   0.147589     0.000000     0.023663     0.132552  16.395723
 128  128     1      4  15.037540     0.000000     1.054379   0.147589     0.000000     0.023663     0.132552  16.395723
 128  128     1      4  15.037540     0.000000     1.054379   0.147589     0.000000     0.023663     0.132552  16.395723
 128  128     1      4  15.037540     0.000000     1.054379   0.147589     0.000000     0.023663     0.132552  16.395723
  90   90     2      4   7.056484     0.137184     0.767253   0.151324     0.081202     0.026148     0.594407   8.814001
  90   90     2      4   7.056484     0.137184     0.767253   0.151324     0.081202     0.026148     0.594407   8.814001
  90   90     2      4   7.056484     0.137184     0.767253   0.151324     0.081202     0.026148     0.594407   8.814001
  90   90     2      4   7.056484     0.137184     0.767253   0.151324     0.081202     0.026148     0.594407   8.814001
  90   90     2      4   7.056484     0.137184     0.767253   0.151324     0.081202     0.026148     0.594407   8.814001
  64   64     4      4   4.800678     0.123972     0.537905   0.143662     0.081611     0.021273     0.704802   6.413903
  64   64     4      4   4.800678     0.123972     0.537905   0.143662     0.081611     0.021273     0.704802   6.413903
  64   64     4      4   4.800678     0.123972     0.537905   0.143662     0.081611     0.021273     0.704802   6.413903
  64   64     4      4   4.800678     0.123972     0.537905   0.143662     0.081611     0.021273     0.704802   6.413903
  64   64     4      4   4.800678     0.123972     0.537905   0.143662     0.081611     0.021273     0.704802   6.413903
  45   45     8      4   2.847322     0.151642     0.391001   0.117608     0.088505     0.022148     0.548246   4.166472
  45   45     8      4   2.847322     0.151642     0.391001   0.117608     0.088505     0.022148     0.548246   4.166472
  45   45     8      4   2.847322     0.151642     0.391001   0.117608     0.088505     0.022148     0.548246   4.166472
  45   45     8      4   2.847322     0.151642     0.391001   0.117608     0.088505     0.022148     0.548246   4.166472
  45   45     8      4   2.847322     0.151642     0.391001   0.117608     0.088505     0.022148     0.548246   4.166472
  36   36    12      4   2.634552     0.184697     0.333525   0.108167     0.095405     0.020700     0.553091   3.930138
  36   36    12      4   2.634552     0.184697     0.333525   0.108167     0.095405     0.020700     0.553091   3.930138
  36   36    12      4   2.634552     0.184697     0.333525   0.108167     0.095405     0.020700     0.553091   3.930138
  36   36    12      4   2.634552     0.184697     0.333525   0.108167     0.095405     0.020700     0.553091   3.930138
  36   36    12      4   2.634552     0.184697     0.333525   0.108167     0.095405     0.020700     0.553091   3.930138
  32   32    16      4   2.625635     0.122004     0.278905   0.101042     0.103581     0.021508     0.606185   3.858861
  32   32    16      4   2.625635     0.122004     0.278905   0.101042     0.103581     0.021508     0.606185   3.858861
  32   32    16      4   2.625635     0.122004     0.278905   0.101042     0.103581     0.021508     0.606185   3.858861
  32   32    16      4   2.625635     0.122004     0.278905   0.101042     0.103581     0.021508     0.606185   3.858861
  32   32    16      4   2.625635     0.122004     0.278905   0.101042     0.103581     0.021508     0.606185   3.858861
  90   90     1      8  11.953214     0.000000     0.893117   0.132450     0.000000     0.025254     0.217694  13.221729
  90   90     1      8  11.953214     0.000000     0.893117   0.132450     0.000000     0.025254     0.217694  13.221729
  90   90     1      8  11.953214     0.000000     0.893117   0.132450     0.000000     0.025254     0.217694  13.221729
  90   90     1      8  11.953214     0.000000     0.893117   0.132450     0.000000     0.025254     0.217694  13.221729
  90   90     1      8  11.953214     0.000000     0.893117   0.132450     0.000000     0.025254     0.217694  13.221729
  64   64     2      8   7.441606     0.206316     0.633800   0.128736     0.076909     0.023070     0.385114   8.895551
  64   64     2      8   7.441606     0.206316     0.633800   0.128736     0.076909     0.023070     0.385114   8.895551
  64   64     2      8   7.441606     0.206316     0.633800   0.128736     0.076909     0.023070     0.385114   8.895551
  64   64     2      8   7.441606     0.206316     0.633800   0.128736     0.076909     0.023070     0.385114   8.895551
  64   64     2      8   7.441606     0.206316     0.633800   0.128736     0.076909     0.023070     0.385114   8.895551
  45   45     4      8   3.759440     0.221785     0.455260   0.122239     0.093560     0.023126     0.706183   5.381593
  45   45     4      8   3.759440     0.221785     0.455260   0.122239     0.093560     0.023126     0.706183   5.381593
  45   45     4      8   3.759440     0.221785     0.455260   0.122239     0.093560     0.023126     0.706183   5.381593
  45   45     4      8   3.759440     0.221785     0.455260   0.122239     0.093560     0.023126     0.706183   5.381593
  45   45     4      8   3.759440     0.221785     0.455260   0.122239     0.093560     0.023126     0.706183   5.381593
  32   32     8      8   2.373250     0.275441     0.334491   0.117788     0.095706     0.024545     0.911113   4.132334
  32   32     8      8   2.373250     0.275441     0.334491   0.117788     0.095706     0.024545     0.911113   4.132334
  32   32     8      8   2.373250     0.275441     0.334491   0.117788     0.095706     0.024545     0.911113   4.132334
  32   32     8      8   2.373250     0.275441     0.334491   0.117788     0.095706     0.024545     0.911113   4.132334
  32   32     8      8   2.373250     0.275441     0.334491   0.117788     0.095706     0.024545     0.911113   4.132334
  26   26    12      8   1.561498     0.208711     0.322128   0.151401     0.111265     0.023971     0.717884   3.096858
  26   26    12      8   1.561498     0.208711     0.322128   0.151401     0.111265     0.023971     0.717884   3.096858
  26   26    12      8   1.561498     0.208711     0.322128   0.151401     0.111265     0.023971     0.717884   3.096858
  26   26    12      8   1.561498     0.208711     0.322128   0.151401     0.111265     0.023971     0.717884   3.096858
  26   26    12      8   1.561498     0.208711     0.322128   0.151401     0.111265     0.023971     0.717884   3.096858
  22   22    16      8   1.712662     0.228222     0.260597   0.101836     0.117348     0.022142     0.411817   2.854623
  22   22    16      8   1.712662     0.228222     0.260597   0.101836     0.117348     0.022142     0.411817   2.854623
  22   22    16      8   1.712662     0.228222     0.260597   0.101836     0.117348     0.022142     0.411817   2.854623
  22   22    16      8   1.712662     0.228222     0.260597   0.101836     0.117348     0.022142     0.411817   2.854623
  22   22    16      8   1.712662     0.228222     0.260597   0.101836     0.117348     0.022142     0.411817   2.854623
  64   64     1     16   9.724133     0.000000     0.905516   0.171677     0.000000     0.043180     0.151535  10.996041
  64   64     1     16   9.724133     0.000000     0.905516   0.171677     0.000000     0.043180     0.151535  10.996041
  64   64     1     16   9.724133     0.000000     0.905516   0.171677     0.000000     0.043180     0.151535  10.996041
  64   64     1     16   9.724133     0.000000     0.905516   0.171677     0.000000     0.043180     0.151535  10.996041
  64   64     1     16   9.724133     0.000000     0.905516   0.171677     0.000000     0.043180     0.151535  10.996041
  45   45     2     16   5.641078     0.284679     0.618985   0.146283     0.108507     0.038705     0.286163   7.124400
  45   45     2     16   5.641078     0.284679     0.618985   0.146283     0.108507     0.038705     0.286163   7.124400
  45   45     2     16   5.641078     0.284679     0.618985   0.146283     0.108507     0.038705     0.286163   7.124400
  45   45     2     16   5.641078     0.284679     0.618985   0.146283     0.108507     0.038705     0.286163   7.124400
  45   45     2     16   5.641078     0.284679     0.618985   0.146283     0.108507     0.038705     0.286163   7.124400
  32   32     4     16   2.821946     0.294685     0.454211   0.146211     0.137085     0.041179     0.717580   4.612897
  32   32     4     16   2.821946     0.294685     0.454211   0.146211     0.137085     0.041179     0.717580   4.612897
  32   32     4     16   2.821946     0.294685     0.454211   0.146211     0.137085     0.041179     0.717580   4.612897
  32   32     4     16   2.821946     0.294685     0.454211   0.146211     0.137085     0.041179     0.717580   4.612897
  32   32     4     16   2.821946     0.294685     0.454211   0.146211     0.137085     0.041179     0.717580   4.612897
  22   22     8     16   2.102322     0.414941     0.361092   0.151833     0.168696     0.044240     0.349458   3.592581
  22   22     8     16   2.102322     0.414941     0.361092   0.151833     0.168696     0.044240     0.349458   3.592581
  22   22     8     16   2.102322     0.414941     0.361092   0.151833     0.168696     0.044240     0.349458   3.592581
  22   22     8     16   2.102322     0.414941     0.361092   0.151833     0.168696     0.044240     0.349458   3.592581
  22   22     8     16   2.102322     0.414941     0.361092   0.151833     0.168696     0.044240     0.349458   3.592581
  18   18    12     16   1.602781     0.300666     0.313058   0.151870     0.143138     0.030674     0.457726   2.999913
  18   18    12     16   1.602781     0.300666     0.313058   0.151870     0.143138     0.030674     0.457726   2.999913
  18   18    12     16   1.602781     0.300666     0.313058   0.151870     0.143138     0.030674     0.457726   2.999913
  18   18    12     16   1.602781     0.300666     0.313058   0.151870     0.143138     0.030674     0.457726   2.999913
  18   18    12     16   1.602781     0.300666     0.313058   0.151870     0.143138     0.030674     0.457726   2.999913
  16   16    16     16   1.702832     0.340669     0.265795   0.124860     0.140389     0.040673     0.288916   2.904134
  16   16    16     16   1.702832     0.340669     0.265795   0.124860     0.140389     0.040673     0.288916   2.904134
  16   16    16     16   1.702832     0.340669     0.265795   0.124860     0.140389     0.040673     0.288916   2.904134
  16   16    16     16   1.702832     0.340669     0.265795   0.124860     0.140389     0.040673     0.288916   2.904134
  16   16    16     16   1.702832     0.340669     0.265795   0.124860     0.140389     0.040673     0.288916   2.904134
