  64   64     1      1   9.103488     0.000000     1.845238   0.439947     0.000000     0.060912     0.131818  11.581403
  64   64     1      1   9.103488     0.000000     1.845238   0.439947     0.000000     0.060912     0.131818  11.581403
  64   64     1      1   9.103488     0.000000     1.845238   0.439947     0.000000     0.060912     0.131818  11.581403
  64   64     1      1   9.103488     0.000000     1.845238   0.439947     0.000000     0.060912     0.131818  11.581403
  64   64     1      1   9.103488     0.000000     1.845238   0.439947     0.000000     0.060912     0.131818  11.581403
  45   45     2      1   5.052465     0.122685     1.363521   0.439463     0.282916     0.077056     0.364645   7.702751
  45   45     2      1   5.052465     0.122685     1.363521   0.439463     0.282916     0.077056     0.364645   7.702751
  45   45     2      1   5.052465     0.122685     1.363521   0.439463     0.282916     0.077056     0.364645   7.702751
  45   45     2      1   5.052465     0.122685     1.363521   0.439463     0.282916     0.077056     0.364645   7.702751
  45   45     2      1   5.052465     0.122685     1.363521   0.439463     0.282916     0.077056     0.364645   7.702751
  32   32     4      1   3.048401     0.184171     0.995280   0.368272     0.282292     0.075478     0.582834   5.536728
  32   32     4      1   3.048401     0.184171     0.995280   0.368272     0.282292     0.075478     0.582834   5.536728
  32   32     4      1   3.048401     0.184171     0.995280   0.368272     0.282292     0.075478     0.582834   5.536728
  32   32     4      1   3.048401     0.184171     0.995280   0.368272     0.282292     0.075478     0.582834   5.536728
  32   32     4      1   3.048401     0.184171     0.995280   0.368272     0.282292     0.075478     0.582834   5.536728
  22   22     8      1   2.063475     0.166310     0.806152   0.406566     0.351820     0.060850     0.755274   4.610447
  22   22     8      1   2.063475     0.166310     0.806152   0.406566     0.351820     0.060850     0.755274   4.610447
  22   22     8      1   2.063475     0.166310     0.806152   0.406566     0.351820     0.060850     0.755274   4.610447
  22   22     8      1   2.063475     0.166310     0.806152   0.406566     0.351820     0.060850     0.755274   4.610447
  22   22     8      1   2.063475     0.166310     0.806152   0.406566     0.351820     0.060850     0.755274   4.610447
  18   18    12      1   1.923447     0.471617     0.656805   0.375460     0.372980     0.060597     1.089310   4.950216
  18   18    12      1   1.923447     0.471617     0.656805   0.375460     0.372980     0.060597     1.089310   4.950216
  18   18    12      1   1.923447     0.471617     0.656805   0.375460     0.372980     0.060597     1.089310   4.950216
  18   18    12      1   1.923447     0.471617     0.656805   0.375460     0.372980     0.060597     1.089310   4.950216
  18   18    12      1   1.923447     0.471617     0.656805   0.375460     0.372980     0.060597     1.089310   4.950216
  16   16    16      1   1.732877     0.237570     0.532412   0.254550     0.285448     0.048057     0.630994   3.721907
  16   16    16      1   1.732877     0.237570     0.532412   0.254550     0.285448     0.048057     0.630994   3.721907
  16   16    16      1   1.732877     0.237570     0.532412   0.254550     0.285448     0.048057     0.630994   3.721907
  16   16    16      1   1.732877     0.237570     0.532412   0.254550     0.285448     0.048057     0.630994   3.721907
  16   16    16      1   1.732877     0.237570     0.532412   0.254550     0.285448     0.048057     0.630994   3.721907
  45   45     1      2   6.974660     0.000000     1.502926   0.503011     0.000000     0.091387     0.127240   9.199224
  45   45     1      2   6.974660     0.000000     1.502926   0.503011     0.000000     0.091387     0.127240   9.199224
  45   45     1      2   6.974660     0.000000     1.502926   0.503011     0.000000     0.091387     0.127240   9.199224
  45   45     1      2   6.974660     0.000000     1.502926   0.503011     0.000000     0.091387     0.127240   9.199224
  45   45     1      2   6.974660     0.000000     1.502926   0.503011     0.000000     0.091387     0.127240   9.199224
  32   32     2      2   3.809071     0.250627     1.082113   0.424751     0.271518     0.080943     0.219248   6.138271
  32   32     2      2   3.809071     0.250627     1.082113   0.424751     0.271518     0.080943     0.219248   6.138271
  32   32     2      2   3.809071     0.250627     1.082113   0.424751     0.271518     0.080943     0.219248   6.138271
  32   32     2      2   3.809071     0.250627     1.082113   0.424751     0.271518     0.080943     0.219248   6.138271
  32   32     2      2   3.809071     0.250627     1.082113   0.424751     0.271518     0.080943     0.219248   6.138271
  22   22     4      2   2.647518     0.292201     0.885823   0.481719     0.325012     0.086163     0.250280   4.968715
  22   22     4      2   2.647518     0.292201     0.885823   0.481719     0.325012     0.086163     0.250280   4.968715
  22   22     4      2   2.647518     0.292201     0.885823   0.481719     0.325012     0.086163     0.250280   4.968715
  22   22     4      2   2.647518     0.292201     0.885823   0.481719     0.325012     0.086163     0.250280   4.968715
  22   22     4      2   2.647518     0.292201     0.885823   0.481719     0.325012     0.086163     0.250280   4.968715
  16   16     8      2   2.046698     0.334635     0.600422   0.343397     0.337440     0.082995     0.344337   4.089924
  16   16     8      2   2.046698     0.334635     0.600422   0.343397     0.337440     0.082995     0.344337   4.089924
  16   16     8      2   2.046698     0.334635     0.600422   0.343397     0.337440     0.082995     0.344337   4.089924
  16   16     8      2   2.046698     0.334635     0.600422   0.343397     0.337440     0.082995     0.344337   4.089924
  16   16     8      2   2.046698     0.334635     0.600422   0.343397     0.337440     0.082995     0.344337   4.089924
  13   13    12      2   1.656558     0.787173     0.555604   0.410781     0.380871     0.079177     0.272206   4.142370
  13   13    12      2   1.656558     0.787173     0.555604   0.410781     0.380871     0.079177     0.272206   4.142370
  13   13    12      2   1.656558     0.787173     0.555604   0.410781     0.380871     0.079177     0.272206   4.142370
  13   13    12      2   1.656558     0.787173     0.555604   0.410781     0.380871     0.079177     0.272206   4.142370
  13   13    12      2   1.656558     0.787173     0.555604   0.410781     0.380871     0.079177     0.272206   4.142370
  11   11    16      2   1.546593     0.518271     0.461840   0.313963     0.325103     0.080503     0.451891   3.698164
  11   11    16      2   1.546593     0.518271     0.461840   0.313963     0.325103     0.080503     0.451891   3.698164
  11   11    16      2   1.546593     0.518271     0.461840   0.313963     0.325103     0.080503     0.451891   3.698164
  11   11    16      2   1.546593     0.518271     0.461840   0.313963     0.325103     0.080503     0.451891   3.698164
  11   11    16      2   1.546593     0.518271     0.461840   0.313963     0.325103     0.080503     0.451891   3.698164
  32   32     1      4   5.522227     0.000000     1.264019   0.396832     0.000000     0.067317     0.177746   7.428140
  32   32     1      4   5.522227     0.000000     1.264019   0.396832     0.000000     0.067317     0.177746   7.428140
  32   32     1      4   5.522227     0.000000     1.264019   0.396832     0.000000     0.067317     0.177746   7.428140
  32   32     1      4   5.522227     0.000000     1.264019   0.396832     0.000000     0.067317     0.177746   7.428140
  32   32     1      4   5.522227     0.000000     1.264019   0.396832     0.000000     0.067317     0.177746   7.428140
  22   22     2      4   3.756449     0.466893     0.926824   0.424899     0.293038     0.084413     0.346876   6.299392
  22   22     2      4   3.756449     0.466893     0.926824   0.424899     0.293038     0.084413     0.346876   6.299392
  22   22     2      4   3.756449     0.466893     0.926824   0.424899     0.293038     0.084413     0.346876   6.299392
  22   22     2      4   3.756449     0.466893     0.926824   0.424899     0.293038     0.084413     0.346876   6.299392
  22   22     2      4   3.756449     0.466893     0.926824   0.424899     0.293038     0.084413     0.346876   6.299392
  16   16     4      4   1.966827     0.549893     0.680082   0.361529     0.302526     0.076507     0.561696   4.499061
  16   16     4      4   1.966827     0.549893     0.680082   0.361529     0.302526     0.076507     0.561696   4.499061
  16   16     4      4   1.966827     0.549893     0.680082   0.361529     0.302526     0.076507     0.561696   4.499061
  16   16     4      4   1.966827     0.549893     0.680082   0.361529     0.302526     0.076507     0.561696   4.499061
  16   16     4      4   1.966827     0.549893     0.680082   0.361529     0.302526     0.076507     0.561696   4.499061
  11   11     8      4   1.438714     0.681551     0.549560   0.363898     0.370033     0.080328     0.590164   4.074247
  11   11     8      4   1.438714     0.681551     0.549560   0.363898     0.370033     0.080328     0.590164   4.074247
  11   11     8      4   1.438714     0.681551     0.549560   0.363898     0.370033     0.080328     0.590164   4.074247
  11   11     8      4   1.438714     0.681551     0.549560   0.363898     0.370033     0.080328     0.590164   4.074247
  11   11     8      4   1.438714     0.681551     0.549560   0.363898     0.370033     0.080328     0.590164   4.074247
   9    9    12      4   1.429253     0.942260     0.523377   0.337021     0.368167     0.082419     0.472035   4.154531
   9    9    12      4   1.429253     0.942260     0.523377   0.337021     0.368167     0.082419     0.472035   4.154531
   9    9    12      4   1.429253     0.942260     0.523377   0.337021     0.368167     0.082419     0.472035   4.154531
   9    9    12      4   1.429253     0.942260     0.523377   0.337021     0.368167     0.082419     0.472035   4.154531
   9    9    12      4   1.429253     0.942260     0.523377   0.337021     0.368167     0.082419     0.472035   4.154531
   8    8    16      4   0.752783     0.580390     0.432849   0.321949     0.338677     0.076038     0.745213   3.247899
   8    8    16      4   0.752783     0.580390     0.432849   0.321949     0.338677     0.076038     0.745213   3.247899
   8    8    16      4   0.752783     0.580390     0.432849   0.321949     0.338677     0.076038     0.745213   3.247899
   8    8    16      4   0.752783     0.580390     0.432849   0.321949     0.338677     0.076038     0.745213   3.247899
   8    8    16      4   0.752783     0.580390     0.432849   0.321949     0.338677     0.076038     0.745213   3.247899
  22   22     1      8   4.875772     0.000000     1.150123   0.431324     0.000000     0.095786     0.132556   6.685561
  22   22     1      8   4.875772     0.000000     1.150123   0.431324     0.000000     0.095786     0.132556   6.685561
  22   22     1      8   4.875772     0.000000     1.150123   0.431324     0.000000     0.095786     0.132556   6.685561
  22   22     1      8   4.875772     0.000000     1.150123   0.431324     0.000000     0.095786     0.132556   6.685561
  22   22     1      8   4.875772     0.000000     1.150123   0.431324     0.000000     0.095786     0.132556   6.685561
  16   16     2      8   3.140685     0.877140     0.870445   0.399301     0.253430     0.088276     0.396365   6.025643
  16   16     2      8   3.140685     0.877140     0.870445   0.399301     0.253430     0.088276     0.396365   6.025643
  16   16     2      8   3.140685     0.877140     0.870445   0.399301     0.253430     0.088276     0.396365   6.025643
  16   16     2      8   3.140685     0.877140     0.870445   0.399301     0.253430     0.088276     0.396365   6.025643
  16   16     2      8   3.140685     0.877140     0.870445   0.399301     0.253430     0.088276     0.396365   6.025643
  11   11     4      8   1.654881     0.928679     0.735044   0.435512     0.368885     0.091513     0.587161   4.801675
  11   11     4      8   1.654881     0.928679     0.735044   0.435512     0.368885     0.091513     0.587161   4.801675
  11   11     4      8   1.654881     0.928679     0.735044   0.435512     0.368885     0.091513     0.587161   4.801675
  11   11     4      8   1.654881     0.928679     0.735044   0.435512     0.368885     0.091513     0.587161   4.801675
  11   11     4      8   1.654881     0.928679     0.735044   0.435512     0.368885     0.091513     0.587161   4.801675
   8    8     8      8   1.051576     0.878280     0.568070   0.417864     0.375665     0.087260     0.599675   3.978391
   8    8     8      8   1.051576     0.878280     0.568070   0.417864     0.375665     0.087260     0.599675   3.978391
   8    8     8      8   1.051576     0.878280     0.568070   0.417864     0.375665     0.087260     0.599675   3.978391
   8    8     8      8   1.051576     0.878280     0.568070   0.417864     0.375665     0.087260     0.599675   3.978391
   8    8     8      8   1.051576     0.878280     0.568070   0.417864     0.375665     0.087260     0.599675   3.978391
   6    6    12      8   1.163372     1.321105     0.478872   0.337373     0.490949     0.105541     0.651952   4.549163
   6    6    12      8   1.163372     1.321105     0.478872   0.337373     0.490949     0.105541     0.651952   4.549163
   6    6    12      8   1.163372     1.321105     0.478872   0.337373     0.490949     0.105541     0.651952   4.549163
   6    6    12      8   1.163372     1.321105     0.478872   0.337373     0.490949     0.105541     0.651952   4.549163
   6    6    12      8   1.163372     1.321105     0.478872   0.337373     0.490949     0.105541     0.651952   4.549163
   5    5    16      8   0.661160     1.116158     0.691064   0.490010     0.551021     0.112142     0.973946   4.595501
   5    5    16      8   0.661160     1.116158     0.691064   0.490010     0.551021     0.112142     0.973946   4.595501
   5    5    16      8   0.661160     1.116158     0.691064   0.490010     0.551021     0.112142     0.973946   4.595501
   5    5    16      8   0.661160     1.116158     0.691064   0.490010     0.551021     0.112142     0.973946   4.595501
   5    5    16      8   0.661160     1.116158     0.691064   0.490010     0.551021     0.112142     0.973946   4.595501
  16   16     1     16   4.759373     0.000000     1.402844   0.579190     0.000000     0.166691     0.336986   7.245084
  16   16     1     16   4.759373     0.000000     1.402844   0.579190     0.000000     0.166691     0.336986   7.245084
  16   16     1     16   4.759373     0.000000     1.402844   0.579190     0.000000     0.166691     0.336986   7.245084
  16   16     1     16   4.759373     0.000000     1.402844   0.579190     0.000000     0.166691     0.336986   7.245084
  16   16     1     16   4.759373     0.000000     1.402844   0.579190     0.000000     0.166691     0.336986   7.245084
  11   11     2     16   2.301652     1.396643     1.116913   0.666370     0.530988     0.173734     0.689620   6.875920
  11   11     2     16   2.301652     1.396643     1.116913   0.666370     0.530988     0.173734     0.689620   6.875920
  11   11     2     16   2.301652     1.396643     1.116913   0.666370     0.530988     0.173734     0.689620   6.875920
  11   11     2     16   2.301652     1.396643     1.116913   0.666370     0.530988     0.173734     0.689620   6.875920
  11   11     2     16   2.301652     1.396643     1.116913   0.666370     0.530988     0.173734     0.689620   6.875920
   8    8     4     16   1.307794     1.148213     0.864416   0.548892     0.528015     0.156776     0.957520   5.511626
   8    8     4     16   1.307794     1.148213     0.864416   0.548892     0.528015     0.156776     0.957520   5.511626
   8    8     4     16   1.307794     1.148213     0.864416   0.548892     0.528015     0.156776     0.957520   5.511626
   8    8     4     16   1.307794     1.148213     0.864416   0.548892     0.528015     0.156776     0.957520   5.511626
   8    8     4     16   1.307794     1.148213     0.864416   0.548892     0.528015     0.156776     0.957520   5.511626
   5    5     8     16   0.857188     1.666475     0.884142   0.732082     0.724225     0.199356     1.301117   6.364585
   5    5     8     16   0.857188     1.666475     0.884142   0.732082     0.724225     0.199356     1.301117   6.364585
   5    5     8     16   0.857188     1.666475     0.884142   0.732082     0.724225     0.199356     1.301117   6.364585
   5    5     8     16   0.857188     1.666475     0.884142   0.732082     0.724225     0.199356     1.301117   6.364585
   5    5     8     16   0.857188     1.666475     0.884142   0.732082     0.724225     0.199356     1.301117   6.364585
   4    4    12     16   0.756752     1.791969     0.889967   0.736109     0.730087     0.203785     1.437593   6.546263
   4    4    12     16   0.756752     1.791969     0.889967   0.736109     0.730087     0.203785     1.437593   6.546263
   4    4    12     16   0.756752     1.791969     0.889967   0.736109     0.730087     0.203785     1.437593   6.546263
   4    4    12     16   0.756752     1.791969     0.889967   0.736109     0.730087     0.203785     1.437593   6.546263
   4    4    12     16   0.756752     1.791969     0.889967   0.736109     0.730087     0.203785     1.437593   6.546263
   4    4    16     16   0.538250     1.307423     0.549804   0.571558     0.579827     0.154372     1.079827   4.781061
   4    4    16     16   0.538250     1.307423     0.549804   0.571558     0.579827     0.154372     1.079827   4.781061
   4    4    16     16   0.538250     1.307423     0.549804   0.571558     0.579827     0.154372     1.079827   4.781061
   4    4    16     16   0.538250     1.307423     0.549804   0.571558     0.579827     0.154372     1.079827   4.781061
   4    4    16     16   0.538250     1.307423     0.549804   0.571558     0.579827     0.154372     1.079827   4.781061
