 256  256     1      1  13.432280     0.000000     0.839972   0.069911     0.000000     0.007750     0.060109  14.410022
 256  256     1      1  13.432280     0.000000     0.839972   0.069911     0.000000     0.007750     0.060109  14.410022
 256  256     1      1  13.432280     0.000000     0.839972   0.069911     0.000000     0.007750     0.060109  14.410022
 256  256     1      1  13.432280     0.000000     0.839972   0.069911     0.000000     0.007750     0.060109  14.410022
 256  256     1      1  13.432280     0.000000     0.839972   0.069911     0.000000     0.007750     0.060109  14.410022
 181  181     2      1   6.056486     0.010671     0.584676   0.064145     0.031172     0.009717     3.102615   9.859481
 181  181     2      1   6.056486     0.010671     0.584676   0.064145     0.031172     0.009717     3.102615   9.859481
 181  181     2      1   6.056486     0.010671     0.584676   0.064145     0.031172     0.009717     3.102615   9.859481
 181  181     2      1   6.056486     0.010671     0.584676   0.064145     0.031172     0.009717     3.102615   9.859481
 181  181     2      1   6.056486     0.010671     0.584676   0.064145     0.031172     0.009717     3.102615   9.859481
 128  128     4      1   3.096876     0.012036     0.419038   0.065297     0.036290     0.009350     2.879739   6.518626
 128  128     4      1   3.096876     0.012036     0.419038   0.065297     0.036290     0.009350     2.879739   6.518626
 128  128     4      1   3.096876     0.012036     0.419038   0.065297     0.036290     0.009350     2.879739   6.518626
 128  128     4      1   3.096876     0.012036     0.419038   0.065297     0.036290     0.009350     2.879739   6.518626
 128  128     4      1   3.096876     0.012036     0.419038   0.065297     0.036290     0.009350     2.879739   6.518626
  90   90     8      1   1.276431     0.026596     0.313867   0.056856     0.045912     0.011226     3.623052   5.353940
  90   90     8      1   1.276431     0.026596     0.313867   0.056856     0.045912     0.011226     3.623052   5.353940
  90   90     8      1   1.276431     0.026596     0.313867   0.056856     0.045912     0.011226     3.623052   5.353940
  90   90     8      1   1.276431     0.026596     0.313867   0.056856     0.045912     0.011226     3.623052   5.353940
  90   90     8      1   1.276431     0.026596     0.313867   0.056856     0.045912     0.011226     3.623052   5.353940
  73   73    12      1   1.272293     0.031509     0.247828   0.051827     0.046377     0.010370     2.468776   4.128979
  73   73    12      1   1.272293     0.031509     0.247828   0.051827     0.046377     0.010370     2.468776   4.128979
  73   73    12      1   1.272293     0.031509     0.247828   0.051827     0.046377     0.010370     2.468776   4.128979
  73   73    12      1   1.272293     0.031509     0.247828   0.051827     0.046377     0.010370     2.468776   4.128979
  73   73    12      1   1.272293     0.031509     0.247828   0.051827     0.046377     0.010370     2.468776   4.128979
  64   64    16      1   2.703446     0.047377     0.212482   0.040991     0.040821     0.005750     0.624155   3.675023
  64   64    16      1   2.703446     0.047377     0.212482   0.040991     0.040821     0.005750     0.624155   3.675023
  64   64    16      1   2.703446     0.047377     0.212482   0.040991     0.040821     0.005750     0.624155   3.675023
  64   64    16      1   2.703446     0.047377     0.212482   0.040991     0.040821     0.005750     0.624155   3.675023
  64   64    16      1   2.703446     0.047377     0.212482   0.040991     0.040821     0.005750     0.624155   3.675023
 181  181     1      2   8.428620     0.000000     0.630918   0.072546     0.000000     0.011765     0.064615   9.208464
 181  181     1      2   8.428620     0.000000     0.630918   0.072546     0.000000     0.011765     0.064615   9.208464
 181  181     1      2   8.428620     0.000000     0.630918   0.072546     0.000000     0.011765     0.064615   9.208464
 181  181     1      2   8.428620     0.000000     0.630918   0.072546     0.000000     0.011765     0.064615   9.208464
 181  181     1      2   8.428620     0.000000     0.630918   0.072546     0.000000     0.011765     0.064615   9.208464
 128  128     2      2   5.387663     0.029476     0.457875   0.068500     0.036290     0.011053     0.365417   6.356274
 128  128     2      2   5.387663     0.029476     0.457875   0.068500     0.036290     0.011053     0.365417   6.356274
 128  128     2      2   5.387663     0.029476     0.457875   0.068500     0.036290     0.011053     0.365417   6.356274
 128  128     2      2   5.387663     0.029476     0.457875   0.068500     0.036290     0.011053     0.365417   6.356274
 128  128     2      2   5.387663     0.029476     0.457875   0.068500     0.036290     0.011053     0.365417   6.356274
  90   90     4      2   3.096654     0.035148     0.322632   0.075856     0.037601     0.010665     0.936781   4.515337
  90   90     4      2   3.096654     0.035148     0.322632   0.075856     0.037601     0.010665     0.936781   4.515337
  90   90     4      2   3.096654     0.035148     0.322632   0.075856     0.037601     0.010665     0.936781   4.515337
  90   90     4      2   3.096654     0.035148     0.322632   0.075856     0.037601     0.010665     0.936781   4.515337
  90   90     4      2   3.096654     0.035148     0.322632   0.075856     0.037601     0.010665     0.936781   4.515337
  64   64     8      2   2.740592     0.037538     0.237161   0.055002     0.042015     0.009567     0.262727   3.384602
  64   64     8      2   2.740592     0.037538     0.237161   0.055002     0.042015     0.009567     0.262727   3.384602
  64   64     8      2   2.740592     0.037538     0.237161   0.055002     0.042015     0.009567     0.262727   3.384602
  64   64     8      2   2.740592     0.037538     0.237161   0.055002     0.042015     0.009567     0.262727   3.384602
  64   64     8      2   2.740592     0.037538     0.237161   0.055002     0.042015     0.009567     0.262727   3.384602
  52   52    12      2   1.989108     0.045965     0.182847   0.046404     0.039288     0.006056     0.452924   2.762592
  52   52    12      2   1.989108     0.045965     0.182847   0.046404     0.039288     0.006056     0.452924   2.762592
  52   52    12      2   1.989108     0.045965     0.182847   0.046404     0.039288     0.006056     0.452924   2.762592
  52   52    12      2   1.989108     0.045965     0.182847   0.046404     0.039288     0.006056     0.452924   2.762592
  52   52    12      2   1.989108     0.045965     0.182847   0.046404     0.039288     0.006056     0.452924   2.762592
  45   45    16      2   1.404386     0.058788     0.176043   0.051277     0.046861     0.006302     0.292292   2.035949
  45   45    16      2   1.404386     0.058788     0.176043   0.051277     0.046861     0.006302     0.292292   2.035949
  45   45    16      2   1.404386     0.058788     0.176043   0.051277     0.046861     0.006302     0.292292   2.035949
  45   45    16      2   1.404386     0.058788     0.176043   0.051277     0.046861     0.006302     0.292292   2.035949
  45   45    16      2   1.404386     0.058788     0.176043   0.051277     0.046861     0.006302     0.292292   2.035949
 128  128     1      4   7.891818     0.000000     0.517036   0.078547     0.000000     0.011900     0.057966   8.557267
 128  128     1      4   7.891818     0.000000     0.517036   0.078547     0.000000     0.011900     0.057966   8.557267
 128  128     1      4   7.891818     0.000000     0.517036   0.078547     0.000000     0.011900     0.057966   8.557267
 128  128     1      4   7.891818     0.000000     0.517036   0.078547     0.000000     0.011900     0.057966   8.557267
 128  128     1      4   7.891818     0.000000     0.517036   0.078547     0.000000     0.011900     0.057966   8.557267
  90   90     2      4   3.466907     0.056281     0.366562   0.065146     0.033247     0.010355     0.243214   4.241712
  90   90     2      4   3.466907     0.056281     0.366562   0.065146     0.033247     0.010355     0.243214   4.241712
  90   90     2      4   3.466907     0.056281     0.366562   0.065146     0.033247     0.010355     0.243214   4.241712
  90   90     2      4   3.466907     0.056281     0.366562   0.065146     0.033247     0.010355     0.243214   4.241712
  90   90     2      4   3.466907     0.056281     0.366562   0.065146     0.033247     0.010355     0.243214   4.241712
  64   64     4      4   3.066244     0.055965     0.274913   0.063255     0.042286     0.010584     0.102544   3.615790
  64   64     4      4   3.066244     0.055965     0.274913   0.063255     0.042286     0.010584     0.102544   3.615790
  64   64     4      4   3.066244     0.055965     0.274913   0.063255     0.042286     0.010584     0.102544   3.615790
  64   64     4      4   3.066244     0.055965     0.274913   0.063255     0.042286     0.010584     0.102544   3.615790
  64   64     4      4   3.066244     0.055965     0.274913   0.063255     0.042286     0.010584     0.102544   3.615790
  45   45     8      4   1.423199     0.075126     0.212006   0.089039     0.054857     0.011685     0.276435   2.142347
  45   45     8      4   1.423199     0.075126     0.212006   0.089039     0.054857     0.011685     0.276435   2.142347
  45   45     8      4   1.423199     0.075126     0.212006   0.089039     0.054857     0.011685     0.276435   2.142347
  45   45     8      4   1.423199     0.075126     0.212006   0.089039     0.054857     0.011685     0.276435   2.142347
  45   45     8      4   1.423199     0.075126     0.212006   0.089039     0.054857     0.011685     0.276435   2.142347
  36   36    12      4   1.266363     0.069019     0.166775   0.057568     0.052441     0.011538     0.118718   1.742423
  36   36    12      4   1.266363     0.069019     0.166775   0.057568     0.052441     0.011538     0.118718   1.742423
  36   36    12      4   1.266363     0.069019     0.166775   0.057568     0.052441     0.011538     0.118718   1.742423
  36   36    12      4   1.266363     0.069019     0.166775   0.057568     0.052441     0.011538     0.118718   1.742423
  36   36    12      4   1.266363     0.069019     0.166775   0.057568     0.052441     0.011538     0.118718   1.742423
  32   32    16      4   1.267889     0.079377     0.140857   0.046364     0.047064     0.008366     0.409947   1.999864
  32   32    16      4   1.267889     0.079377     0.140857   0.046364     0.047064     0.008366     0.409947   1.999864
  32   32    16      4   1.267889     0.079377     0.140857   0.046364     0.047064     0.008366     0.409947   1.999864
  32   32    16      4   1.267889     0.079377     0.140857   0.046364     0.047064     0.008366     0.409947   1.999864
  32   32    16      4   1.267889     0.079377     0.140857   0.046364     0.047064     0.008366     0.409947   1.999864
  90   90     1      8   6.255770     0.000000     0.442127   0.081687     0.000000     0.013469     0.089336   6.882389
  90   90     1      8   6.255770     0.000000     0.442127   0.081687     0.000000     0.013469     0.089336   6.882389
  90   90     1      8   6.255770     0.000000     0.442127   0.081687     0.000000     0.013469     0.089336   6.882389
  90   90     1      8   6.255770     0.000000     0.442127   0.081687     0.000000     0.013469     0.089336   6.882389
  90   90     1      8   6.255770     0.000000     0.442127   0.081687     0.000000     0.013469     0.089336   6.882389
  64   64     2      8   3.715672     0.115032     0.309025   0.063198     0.048690     0.012008     0.120738   4.384363
  64   64     2      8   3.715672     0.115032     0.309025   0.063198     0.048690     0.012008     0.120738   4.384363
  64   64     2      8   3.715672     0.115032     0.309025   0.063198     0.048690     0.012008     0.120738   4.384363
  64   64     2      8   3.715672     0.115032     0.309025   0.063198     0.048690     0.012008     0.120738   4.384363
  64   64     2      8   3.715672     0.115032     0.309025   0.063198     0.048690     0.012008     0.120738   4.384363
  45   45     4      8   1.687261     0.116565     0.222256   0.073428     0.054344     0.012669     0.126585   2.293108
  45   45     4      8   1.687261     0.116565     0.222256   0.073428     0.054344     0.012669     0.126585   2.293108
  45   45     4      8   1.687261     0.116565     0.222256   0.073428     0.054344     0.012669     0.126585   2.293108
  45   45     4      8   1.687261     0.116565     0.222256   0.073428     0.054344     0.012669     0.126585   2.293108
  45   45     4      8   1.687261     0.116565     0.222256   0.073428     0.054344     0.012669     0.126585   2.293108
  32   32     8      8   1.142873     0.122178     0.161056   0.051648     0.043901     0.011280     0.382328   1.915264
  32   32     8      8   1.142873     0.122178     0.161056   0.051648     0.043901     0.011280     0.382328   1.915264
  32   32     8      8   1.142873     0.122178     0.161056   0.051648     0.043901     0.011280     0.382328   1.915264
  32   32     8      8   1.142873     0.122178     0.161056   0.051648     0.043901     0.011280     0.382328   1.915264
  32   32     8      8   1.142873     0.122178     0.161056   0.051648     0.043901     0.011280     0.382328   1.915264
  26   26    12      8   0.838264     0.137069     0.136630   0.051162     0.054208     0.011225     0.495611   1.724169
  26   26    12      8   0.838264     0.137069     0.136630   0.051162     0.054208     0.011225     0.495611   1.724169
  26   26    12      8   0.838264     0.137069     0.136630   0.051162     0.054208     0.011225     0.495611   1.724169
  26   26    12      8   0.838264     0.137069     0.136630   0.051162     0.054208     0.011225     0.495611   1.724169
  26   26    12      8   0.838264     0.137069     0.136630   0.051162     0.054208     0.011225     0.495611   1.724169
  22   22    16      8   0.916634     0.089500     0.116523   0.049314     0.054967     0.010034     0.311425   1.548396
  22   22    16      8   0.916634     0.089500     0.116523   0.049314     0.054967     0.010034     0.311425   1.548396
  22   22    16      8   0.916634     0.089500     0.116523   0.049314     0.054967     0.010034     0.311425   1.548396
  22   22    16      8   0.916634     0.089500     0.116523   0.049314     0.054967     0.010034     0.311425   1.548396
  22   22    16      8   0.916634     0.089500     0.116523   0.049314     0.054967     0.010034     0.311425   1.548396
  64   64     1     16   4.769795     0.000000     0.440862   0.086335     0.000000     0.020645     0.076000   5.393638
  64   64     1     16   4.769795     0.000000     0.440862   0.086335     0.000000     0.020645     0.076000   5.393638
  64   64     1     16   4.769795     0.000000     0.440862   0.086335     0.000000     0.020645     0.076000   5.393638
  64   64     1     16   4.769795     0.000000     0.440862   0.086335     0.000000     0.020645     0.076000   5.393638
  64   64     1     16   4.769795     0.000000     0.440862   0.086335     0.000000     0.020645     0.076000   5.393638
  45   45     2     16   2.617441     0.159309     0.356820   0.096782     0.070420     0.021684     0.104752   3.427207
  45   45     2     16   2.617441     0.159309     0.356820   0.096782     0.070420     0.021684     0.104752   3.427207
  45   45     2     16   2.617441     0.159309     0.356820   0.096782     0.070420     0.021684     0.104752   3.427207
  45   45     2     16   2.617441     0.159309     0.356820   0.096782     0.070420     0.021684     0.104752   3.427207
  45   45     2     16   2.617441     0.159309     0.356820   0.096782     0.070420     0.021684     0.104752   3.427207
  32   32     4     16   1.405735     0.139201     0.228338   0.074377     0.071744     0.020851     0.369303   2.309549
  32   32     4     16   1.405735     0.139201     0.228338   0.074377     0.071744     0.020851     0.369303   2.309549
  32   32     4     16   1.405735     0.139201     0.228338   0.074377     0.071744     0.020851     0.369303   2.309549
  32   32     4     16   1.405735     0.139201     0.228338   0.074377     0.071744     0.020851     0.369303   2.309549
  32   32     4     16   1.405735     0.139201     0.228338   0.074377     0.071744     0.020851     0.369303   2.309549
  22   22     8     16   0.886684     0.138886     0.176675   0.078275     0.076456     0.021302     0.360866   1.739144
  22   22     8     16   0.886684     0.138886     0.176675   0.078275     0.076456     0.021302     0.360866   1.739144
  22   22     8     16   0.886684     0.138886     0.176675   0.078275     0.076456     0.021302     0.360866   1.739144
  22   22     8     16   0.886684     0.138886     0.176675   0.078275     0.076456     0.021302     0.360866   1.739144
  22   22     8     16   0.886684     0.138886     0.176675   0.078275     0.076456     0.021302     0.360866   1.739144
  18   18    12     16   0.836437     0.180671     0.145580   0.065415     0.080575     0.016053     0.240839   1.565570
  18   18    12     16   0.836437     0.180671     0.145580   0.065415     0.080575     0.016053     0.240839   1.565570
  18   18    12     16   0.836437     0.180671     0.145580   0.065415     0.080575     0.016053     0.240839   1.565570
  18   18    12     16   0.836437     0.180671     0.145580   0.065415     0.080575     0.016053     0.240839   1.565570
  18   18    12     16   0.836437     0.180671     0.145580   0.065415     0.080575     0.016053     0.240839   1.565570
  16   16    16     16   0.805092     0.221609     0.117922   0.054107     0.078386     0.015294     0.207471   1.499880
  16   16    16     16   0.805092     0.221609     0.117922   0.054107     0.078386     0.015294     0.207471   1.499880
  16   16    16     16   0.805092     0.221609     0.117922   0.054107     0.078386     0.015294     0.207471   1.499880
  16   16    16     16   0.805092     0.221609     0.117922   0.054107     0.078386     0.015294     0.207471   1.499880
  16   16    16     16   0.805092     0.221609     0.117922   0.054107     0.078386     0.015294     0.207471   1.499880
