 256  256     1      1  12.069532     0.000000     0.388860   0.035498     0.000000     0.005058     0.054895  12.553843
 256  256     1      1  12.069532     0.000000     0.388860   0.035498     0.000000     0.005058     0.054895  12.553843
 256  256     1      1  12.069532     0.000000     0.388860   0.035498     0.000000     0.005058     0.054895  12.553843
 256  256     1      1  12.069532     0.000000     0.388860   0.035498     0.000000     0.005058     0.054895  12.553843
 256  256     1      1  12.069532     0.000000     0.388860   0.035498     0.000000     0.005058     0.054895  12.553843
 181  181     2      1   6.199216     0.005567     0.293747   0.032375     0.014628     0.003441     2.821875   9.370849
 181  181     2      1   6.199216     0.005567     0.293747   0.032375     0.014628     0.003441     2.821875   9.370849
 181  181     2      1   6.199216     0.005567     0.293747   0.032375     0.014628     0.003441     2.821875   9.370849
 181  181     2      1   6.199216     0.005567     0.293747   0.032375     0.014628     0.003441     2.821875   9.370849
 181  181     2      1   6.199216     0.005567     0.293747   0.032375     0.014628     0.003441     2.821875   9.370849
 128  128     4      1   3.090206     0.004536     0.198901   0.026439     0.016601     0.003816     3.369844   6.710344
 128  128     4      1   3.090206     0.004536     0.198901   0.026439     0.016601     0.003816     3.369844   6.710344
 128  128     4      1   3.090206     0.004536     0.198901   0.026439     0.016601     0.003816     3.369844   6.710344
 128  128     4      1   3.090206     0.004536     0.198901   0.026439     0.016601     0.003816     3.369844   6.710344
 128  128     4      1   3.090206     0.004536     0.198901   0.026439     0.016601     0.003816     3.369844   6.710344
  90   90     8      1   0.836470     0.013766     0.147469   0.023534     0.020138     0.003566     3.989445   5.034388
  90   90     8      1   0.836470     0.013766     0.147469   0.023534     0.020138     0.003566     3.989445   5.034388
  90   90     8      1   0.836470     0.013766     0.147469   0.023534     0.020138     0.003566     3.989445   5.034388
  90   90     8      1   0.836470     0.013766     0.147469   0.023534     0.020138     0.003566     3.989445   5.034388
  90   90     8      1   0.836470     0.013766     0.147469   0.023534     0.020138     0.003566     3.989445   5.034388
  73   73    12      1   0.835624     0.017343     0.121280   0.022197     0.021416     0.004098     2.770814   3.792772
  73   73    12      1   0.835624     0.017343     0.121280   0.022197     0.021416     0.004098     2.770814   3.792772
  73   73    12      1   0.835624     0.017343     0.121280   0.022197     0.021416     0.004098     2.770814   3.792772
  73   73    12      1   0.835624     0.017343     0.121280   0.022197     0.021416     0.004098     2.770814   3.792772
  73   73    12      1   0.835624     0.017343     0.121280   0.022197     0.021416     0.004098     2.770814   3.792772
  64   64    16      1   1.216169     0.014558     0.101647   0.022579     0.020709     0.003882     1.849689   3.229233
  64   64    16      1   1.216169     0.014558     0.101647   0.022579     0.020709     0.003882     1.849689   3.229233
  64   64    16      1   1.216169     0.014558     0.101647   0.022579     0.020709     0.003882     1.849689   3.229233
  64   64    16      1   1.216169     0.014558     0.101647   0.022579     0.020709     0.003882     1.849689   3.229233
  64   64    16      1   1.216169     0.014558     0.101647   0.022579     0.020709     0.003882     1.849689   3.229233
 181  181     1      2   6.264305     0.000000     0.322276   0.036463     0.000000     0.005555     0.038701   6.667300
 181  181     1      2   6.264305     0.000000     0.322276   0.036463     0.000000     0.005555     0.038701   6.667300
 181  181     1      2   6.264305     0.000000     0.322276   0.036463     0.000000     0.005555     0.038701   6.667300
 181  181     1      2   6.264305     0.000000     0.322276   0.036463     0.000000     0.005555     0.038701   6.667300
 181  181     1      2   6.264305     0.000000     0.322276   0.036463     0.000000     0.005555     0.038701   6.667300
 128  128     2      2   3.070970     0.017314     0.220276   0.033575     0.017598     0.005143     0.981254   4.346130
 128  128     2      2   3.070970     0.017314     0.220276   0.033575     0.017598     0.005143     0.981254   4.346130
 128  128     2      2   3.070970     0.017314     0.220276   0.033575     0.017598     0.005143     0.981254   4.346130
 128  128     2      2   3.070970     0.017314     0.220276   0.033575     0.017598     0.005143     0.981254   4.346130
 128  128     2      2   3.070970     0.017314     0.220276   0.033575     0.017598     0.005143     0.981254   4.346130
  90   90     4      2   1.594063     0.013307     0.154626   0.036090     0.019786     0.005670     1.028088   2.851631
  90   90     4      2   1.594063     0.013307     0.154626   0.036090     0.019786     0.005670     1.028088   2.851631
  90   90     4      2   1.594063     0.013307     0.154626   0.036090     0.019786     0.005670     1.028088   2.851631
  90   90     4      2   1.594063     0.013307     0.154626   0.036090     0.019786     0.005670     1.028088   2.851631
  90   90     4      2   1.594063     0.013307     0.154626   0.036090     0.019786     0.005670     1.028088   2.851631
  64   64     8      2   1.446778     0.015578     0.113631   0.028955     0.021115     0.005306     0.168844   1.800207
  64   64     8      2   1.446778     0.015578     0.113631   0.028955     0.021115     0.005306     0.168844   1.800207
  64   64     8      2   1.446778     0.015578     0.113631   0.028955     0.021115     0.005306     0.168844   1.800207
  64   64     8      2   1.446778     0.015578     0.113631   0.028955     0.021115     0.005306     0.168844   1.800207
  64   64     8      2   1.446778     0.015578     0.113631   0.028955     0.021115     0.005306     0.168844   1.800207
  52   52    12      2   0.767141     0.039100     0.091735   0.019816     0.022904     0.002815     0.554844   1.498354
  52   52    12      2   0.767141     0.039100     0.091735   0.019816     0.022904     0.002815     0.554844   1.498354
  52   52    12      2   0.767141     0.039100     0.091735   0.019816     0.022904     0.002815     0.554844   1.498354
  52   52    12      2   0.767141     0.039100     0.091735   0.019816     0.022904     0.002815     0.554844   1.498354
  52   52    12      2   0.767141     0.039100     0.091735   0.019816     0.022904     0.002815     0.554844   1.498354
  45   45    16      2   0.698437     0.036035     0.090797   0.026935     0.025679     0.003173     0.472485   1.353541
  45   45    16      2   0.698437     0.036035     0.090797   0.026935     0.025679     0.003173     0.472485   1.353541
  45   45    16      2   0.698437     0.036035     0.090797   0.026935     0.025679     0.003173     0.472485   1.353541
  45   45    16      2   0.698437     0.036035     0.090797   0.026935     0.025679     0.003173     0.472485   1.353541
  45   45    16      2   0.698437     0.036035     0.090797   0.026935     0.025679     0.003173     0.472485   1.353541
 128  128     1      4   5.115735     0.000000     0.257726   0.036867     0.000000     0.005329     0.051091   5.466748
 128  128     1      4   5.115735     0.000000     0.257726   0.036867     0.000000     0.005329     0.051091   5.466748
 128  128     1      4   5.115735     0.000000     0.257726   0.036867     0.000000     0.005329     0.051091   5.466748
 128  128     1      4   5.115735     0.000000     0.257726   0.036867     0.000000     0.005329     0.051091   5.466748
 128  128     1      4   5.115735     0.000000     0.257726   0.036867     0.000000     0.005329     0.051091   5.466748
  90   90     2      4   2.283019     0.030097     0.185568   0.033070     0.016374     0.005230     0.208929   2.762287
  90   90     2      4   2.283019     0.030097     0.185568   0.033070     0.016374     0.005230     0.208929   2.762287
  90   90     2      4   2.283019     0.030097     0.185568   0.033070     0.016374     0.005230     0.208929   2.762287
  90   90     2      4   2.283019     0.030097     0.185568   0.033070     0.016374     0.005230     0.208929   2.762287
  90   90     2      4   2.283019     0.030097     0.185568   0.033070     0.016374     0.005230     0.208929   2.762287
  64   64     4      4   1.368695     0.032235     0.132586   0.029887     0.018996     0.004732     0.454141   2.041272
  64   64     4      4   1.368695     0.032235     0.132586   0.029887     0.018996     0.004732     0.454141   2.041272
  64   64     4      4   1.368695     0.032235     0.132586   0.029887     0.018996     0.004732     0.454141   2.041272
  64   64     4      4   1.368695     0.032235     0.132586   0.029887     0.018996     0.004732     0.454141   2.041272
  64   64     4      4   1.368695     0.032235     0.132586   0.029887     0.018996     0.004732     0.454141   2.041272
  45   45     8      4   0.882429     0.032080     0.100277   0.042668     0.023266     0.005400     0.229760   1.315880
  45   45     8      4   0.882429     0.032080     0.100277   0.042668     0.023266     0.005400     0.229760   1.315880
  45   45     8      4   0.882429     0.032080     0.100277   0.042668     0.023266     0.005400     0.229760   1.315880
  45   45     8      4   0.882429     0.032080     0.100277   0.042668     0.023266     0.005400     0.229760   1.315880
  45   45     8      4   0.882429     0.032080     0.100277   0.042668     0.023266     0.005400     0.229760   1.315880
  36   36    12      4   0.758705     0.037464     0.082301   0.027851     0.024717     0.005305     0.169881   1.106224
  36   36    12      4   0.758705     0.037464     0.082301   0.027851     0.024717     0.005305     0.169881   1.106224
  36   36    12      4   0.758705     0.037464     0.082301   0.027851     0.024717     0.005305     0.169881   1.106224
  36   36    12      4   0.758705     0.037464     0.082301   0.027851     0.024717     0.005305     0.169881   1.106224
  36   36    12      4   0.758705     0.037464     0.082301   0.027851     0.024717     0.005305     0.169881   1.106224
  32   32    16      4   0.851375     0.036400     0.069602   0.025105     0.022887     0.003717     0.085815   1.094901
  32   32    16      4   0.851375     0.036400     0.069602   0.025105     0.022887     0.003717     0.085815   1.094901
  32   32    16      4   0.851375     0.036400     0.069602   0.025105     0.022887     0.003717     0.085815   1.094901
  32   32    16      4   0.851375     0.036400     0.069602   0.025105     0.022887     0.003717     0.085815   1.094901
  32   32    16      4   0.851375     0.036400     0.069602   0.025105     0.022887     0.003717     0.085815   1.094901
  90   90     1      8   3.535208     0.000000     0.225207   0.038553     0.000000     0.006116     0.109582   3.914666
  90   90     1      8   3.535208     0.000000     0.225207   0.038553     0.000000     0.006116     0.109582   3.914666
  90   90     1      8   3.535208     0.000000     0.225207   0.038553     0.000000     0.006116     0.109582   3.914666
  90   90     1      8   3.535208     0.000000     0.225207   0.038553     0.000000     0.006116     0.109582   3.914666
  90   90     1      8   3.535208     0.000000     0.225207   0.038553     0.000000     0.006116     0.109582   3.914666
  64   64     2      8   1.668525     0.053014     0.161371   0.038487     0.020879     0.006006     0.138088   2.086370
  64   64     2      8   1.668525     0.053014     0.161371   0.038487     0.020879     0.006006     0.138088   2.086370
  64   64     2      8   1.668525     0.053014     0.161371   0.038487     0.020879     0.006006     0.138088   2.086370
  64   64     2      8   1.668525     0.053014     0.161371   0.038487     0.020879     0.006006     0.138088   2.086370
  64   64     2      8   1.668525     0.053014     0.161371   0.038487     0.020879     0.006006     0.138088   2.086370
  45   45     4      8   0.945947     0.068290     0.118018   0.030469     0.025869     0.005905     0.203038   1.397536
  45   45     4      8   0.945947     0.068290     0.118018   0.030469     0.025869     0.005905     0.203038   1.397536
  45   45     4      8   0.945947     0.068290     0.118018   0.030469     0.025869     0.005905     0.203038   1.397536
  45   45     4      8   0.945947     0.068290     0.118018   0.030469     0.025869     0.005905     0.203038   1.397536
  45   45     4      8   0.945947     0.068290     0.118018   0.030469     0.025869     0.005905     0.203038   1.397536
  32   32     8      8   0.728062     0.051830     0.084661   0.032701     0.029795     0.005770     0.131208   1.064027
  32   32     8      8   0.728062     0.051830     0.084661   0.032701     0.029795     0.005770     0.131208   1.064027
  32   32     8      8   0.728062     0.051830     0.084661   0.032701     0.029795     0.005770     0.131208   1.064027
  32   32     8      8   0.728062     0.051830     0.084661   0.032701     0.029795     0.005770     0.131208   1.064027
  32   32     8      8   0.728062     0.051830     0.084661   0.032701     0.029795     0.005770     0.131208   1.064027
  26   26    12      8   0.526820     0.054602     0.072550   0.033379     0.028001     0.005857     0.193178   0.914387
  26   26    12      8   0.526820     0.054602     0.072550   0.033379     0.028001     0.005857     0.193178   0.914387
  26   26    12      8   0.526820     0.054602     0.072550   0.033379     0.028001     0.005857     0.193178   0.914387
  26   26    12      8   0.526820     0.054602     0.072550   0.033379     0.028001     0.005857     0.193178   0.914387
  26   26    12      8   0.526820     0.054602     0.072550   0.033379     0.028001     0.005857     0.193178   0.914387
  22   22    16      8   0.441689     0.068875     0.061933   0.024428     0.029077     0.006270     0.239887   0.872159
  22   22    16      8   0.441689     0.068875     0.061933   0.024428     0.029077     0.006270     0.239887   0.872159
  22   22    16      8   0.441689     0.068875     0.061933   0.024428     0.029077     0.006270     0.239887   0.872159
  22   22    16      8   0.441689     0.068875     0.061933   0.024428     0.029077     0.006270     0.239887   0.872159
  22   22    16      8   0.441689     0.068875     0.061933   0.024428     0.029077     0.006270     0.239887   0.872159
  64   64     1     16   2.689870     0.000000     0.246644   0.044912     0.000000     0.011097     0.032317   3.024840
  64   64     1     16   2.689870     0.000000     0.246644   0.044912     0.000000     0.011097     0.032317   3.024840
  64   64     1     16   2.689870     0.000000     0.246644   0.044912     0.000000     0.011097     0.032317   3.024840
  64   64     1     16   2.689870     0.000000     0.246644   0.044912     0.000000     0.011097     0.032317   3.024840
  64   64     1     16   2.689870     0.000000     0.246644   0.044912     0.000000     0.011097     0.032317   3.024840
  45   45     2     16   1.956759     0.079369     0.177684   0.045213     0.037773     0.011064     0.035375   2.343237
  45   45     2     16   1.956759     0.079369     0.177684   0.045213     0.037773     0.011064     0.035375   2.343237
  45   45     2     16   1.956759     0.079369     0.177684   0.045213     0.037773     0.011064     0.035375   2.343237
  45   45     2     16   1.956759     0.079369     0.177684   0.045213     0.037773     0.011064     0.035375   2.343237
  45   45     2     16   1.956759     0.079369     0.177684   0.045213     0.037773     0.011064     0.035375   2.343237
  32   32     4     16   0.782136     0.064921     0.128046   0.036596     0.039447     0.011649     0.236255   1.299050
  32   32     4     16   0.782136     0.064921     0.128046   0.036596     0.039447     0.011649     0.236255   1.299050
  32   32     4     16   0.782136     0.064921     0.128046   0.036596     0.039447     0.011649     0.236255   1.299050
  32   32     4     16   0.782136     0.064921     0.128046   0.036596     0.039447     0.011649     0.236255   1.299050
  32   32     4     16   0.782136     0.064921     0.128046   0.036596     0.039447     0.011649     0.236255   1.299050
  22   22     8     16   0.482630     0.071196     0.094439   0.046686     0.030530     0.010343     0.169094   0.904917
  22   22     8     16   0.482630     0.071196     0.094439   0.046686     0.030530     0.010343     0.169094   0.904917
  22   22     8     16   0.482630     0.071196     0.094439   0.046686     0.030530     0.010343     0.169094   0.904917
  22   22     8     16   0.482630     0.071196     0.094439   0.046686     0.030530     0.010343     0.169094   0.904917
  22   22     8     16   0.482630     0.071196     0.094439   0.046686     0.030530     0.010343     0.169094   0.904917
  18   18    12     16   0.530078     0.082451     0.083213   0.048548     0.043686     0.008462     0.159055   0.955493
  18   18    12     16   0.530078     0.082451     0.083213   0.048548     0.043686     0.008462     0.159055   0.955493
  18   18    12     16   0.530078     0.082451     0.083213   0.048548     0.043686     0.008462     0.159055   0.955493
  18   18    12     16   0.530078     0.082451     0.083213   0.048548     0.043686     0.008462     0.159055   0.955493
  18   18    12     16   0.530078     0.082451     0.083213   0.048548     0.043686     0.008462     0.159055   0.955493
  16   16    16     16   0.412448     0.079664     0.072049   0.034552     0.039725     0.009984     0.147071   0.795493
  16   16    16     16   0.412448     0.079664     0.072049   0.034552     0.039725     0.009984     0.147071   0.795493
  16   16    16     16   0.412448     0.079664     0.072049   0.034552     0.039725     0.009984     0.147071   0.795493
  16   16    16     16   0.412448     0.079664     0.072049   0.034552     0.039725     0.009984     0.147071   0.795493
  16   16    16     16   0.412448     0.079664     0.072049   0.034552     0.039725     0.009984     0.147071   0.795493
