 181  181     1      1  23.543708     0.000000     2.484037   0.268276     0.000000     0.041573     0.157678  26.495272
 181  181     1      1  23.543708     0.000000     2.484037   0.268276     0.000000     0.041573     0.157678  26.495272
 181  181     1      1  23.543708     0.000000     2.484037   0.268276     0.000000     0.041573     0.157678  26.495272
 181  181     1      1  23.543708     0.000000     2.484037   0.268276     0.000000     0.041573     0.157678  26.495272
 181  181     1      1  23.543708     0.000000     2.484037   0.268276     0.000000     0.041573     0.157678  26.495272
 128  128     2      1  13.240507     0.065135     1.796196   0.256791     0.135252     0.041649     1.041559  16.577089
 128  128     2      1  13.240507     0.065135     1.796196   0.256791     0.135252     0.041649     1.041559  16.577089
 128  128     2      1  13.240507     0.065135     1.796196   0.256791     0.135252     0.041649     1.041559  16.577089
 128  128     2      1  13.240507     0.065135     1.796196   0.256791     0.135252     0.041649     1.041559  16.577089
 128  128     2      1  13.240507     0.065135     1.796196   0.256791     0.135252     0.041649     1.041559  16.577089
  90   90     4      1   7.653012     0.121835     1.275934   0.200605     0.166726     0.042587     0.877072  10.337771
  90   90     4      1   7.653012     0.121835     1.275934   0.200605     0.166726     0.042587     0.877072  10.337771
  90   90     4      1   7.653012     0.121835     1.275934   0.200605     0.166726     0.042587     0.877072  10.337771
  90   90     4      1   7.653012     0.121835     1.275934   0.200605     0.166726     0.042587     0.877072  10.337771
  90   90     4      1   7.653012     0.121835     1.275934   0.200605     0.166726     0.042587     0.877072  10.337771
  64   64     8      1   7.047422     0.117119     0.931650   0.192438     0.141372     0.040776     0.921224   9.392001
  64   64     8      1   7.047422     0.117119     0.931650   0.192438     0.141372     0.040776     0.921224   9.392001
  64   64     8      1   7.047422     0.117119     0.931650   0.192438     0.141372     0.040776     0.921224   9.392001
  64   64     8      1   7.047422     0.117119     0.931650   0.192438     0.141372     0.040776     0.921224   9.392001
  64   64     8      1   7.047422     0.117119     0.931650   0.192438     0.141372     0.040776     0.921224   9.392001
  52   52    12      1   4.164097     0.171970     0.769776   0.177016     0.174692     0.025084     0.939305   6.421940
  52   52    12      1   4.164097     0.171970     0.769776   0.177016     0.174692     0.025084     0.939305   6.421940
  52   52    12      1   4.164097     0.171970     0.769776   0.177016     0.174692     0.025084     0.939305   6.421940
  52   52    12      1   4.164097     0.171970     0.769776   0.177016     0.174692     0.025084     0.939305   6.421940
  52   52    12      1   4.164097     0.171970     0.769776   0.177016     0.174692     0.025084     0.939305   6.421940
  45   45    16      1   4.547332     0.168376     0.674035   0.137657     0.151910     0.021351     0.869675   6.570336
  45   45    16      1   4.547332     0.168376     0.674035   0.137657     0.151910     0.021351     0.869675   6.570336
  45   45    16      1   4.547332     0.168376     0.674035   0.137657     0.151910     0.021351     0.869675   6.570336
  45   45    16      1   4.547332     0.168376     0.674035   0.137657     0.151910     0.021351     0.869675   6.570336
  45   45    16      1   4.547332     0.168376     0.674035   0.137657     0.151910     0.021351     0.869675   6.570336
 128  128     1      2  21.433397     0.000000     1.858294   0.252281     0.000000     0.045321     0.126996  23.716289
 128  128     1      2  21.433397     0.000000     1.858294   0.252281     0.000000     0.045321     0.126996  23.716289
 128  128     1      2  21.433397     0.000000     1.858294   0.252281     0.000000     0.045321     0.126996  23.716289
 128  128     1      2  21.433397     0.000000     1.858294   0.252281     0.000000     0.045321     0.126996  23.716289
 128  128     1      2  21.433397     0.000000     1.858294   0.252281     0.000000     0.045321     0.126996  23.716289
  90   90     2      2  10.277324     0.144814     1.377211   0.256426     0.138277     0.044455     0.737810  12.976317
  90   90     2      2  10.277324     0.144814     1.377211   0.256426     0.138277     0.044455     0.737810  12.976317
  90   90     2      2  10.277324     0.144814     1.377211   0.256426     0.138277     0.044455     0.737810  12.976317
  90   90     2      2  10.277324     0.144814     1.377211   0.256426     0.138277     0.044455     0.737810  12.976317
  90   90     2      2  10.277324     0.144814     1.377211   0.256426     0.138277     0.044455     0.737810  12.976317
  64   64     4      2   6.631417     0.138822     0.966772   0.233790     0.152409     0.040914     1.533388   9.697512
  64   64     4      2   6.631417     0.138822     0.966772   0.233790     0.152409     0.040914     1.533388   9.697512
  64   64     4      2   6.631417     0.138822     0.966772   0.233790     0.152409     0.040914     1.533388   9.697512
  64   64     4      2   6.631417     0.138822     0.966772   0.233790     0.152409     0.040914     1.533388   9.697512
  64   64     4      2   6.631417     0.138822     0.966772   0.233790     0.152409     0.040914     1.533388   9.697512
  45   45     8      2   4.790646     0.144357     0.730431   0.216884     0.158784     0.038758     1.067599   7.147459
  45   45     8      2   4.790646     0.144357     0.730431   0.216884     0.158784     0.038758     1.067599   7.147459
  45   45     8      2   4.790646     0.144357     0.730431   0.216884     0.158784     0.038758     1.067599   7.147459
  45   45     8      2   4.790646     0.144357     0.730431   0.216884     0.158784     0.038758     1.067599   7.147459
  45   45     8      2   4.790646     0.144357     0.730431   0.216884     0.158784     0.038758     1.067599   7.147459
  36   36    12      2   3.634432     0.195832     0.634284   0.228070     0.195882     0.035286     1.398619   6.322406
  36   36    12      2   3.634432     0.195832     0.634284   0.228070     0.195882     0.035286     1.398619   6.322406
  36   36    12      2   3.634432     0.195832     0.634284   0.228070     0.195882     0.035286     1.398619   6.322406
  36   36    12      2   3.634432     0.195832     0.634284   0.228070     0.195882     0.035286     1.398619   6.322406
  36   36    12      2   3.634432     0.195832     0.634284   0.228070     0.195882     0.035286     1.398619   6.322406
  32   32    16      2   3.312467     0.207346     0.516596   0.172366     0.177295     0.030413     1.357298   5.773781
  32   32    16      2   3.312467     0.207346     0.516596   0.172366     0.177295     0.030413     1.357298   5.773781
  32   32    16      2   3.312467     0.207346     0.516596   0.172366     0.177295     0.030413     1.357298   5.773781
  32   32    16      2   3.312467     0.207346     0.516596   0.172366     0.177295     0.030413     1.357298   5.773781
  32   32    16      2   3.312467     0.207346     0.516596   0.172366     0.177295     0.030413     1.357298   5.773781
  90   90     1      4  18.018515     0.000000     1.458205   0.250858     0.000000     0.042658     0.190517  19.960752
  90   90     1      4  18.018515     0.000000     1.458205   0.250858     0.000000     0.042658     0.190517  19.960752
  90   90     1      4  18.018515     0.000000     1.458205   0.250858     0.000000     0.042658     0.190517  19.960752
  90   90     1      4  18.018515     0.000000     1.458205   0.250858     0.000000     0.042658     0.190517  19.960752
  90   90     1      4  18.018515     0.000000     1.458205   0.250858     0.000000     0.042658     0.190517  19.960752
  64   64     2      4   8.821109     0.217501     1.063081   0.230615     0.120436     0.031212     0.786802  11.270756
  64   64     2      4   8.821109     0.217501     1.063081   0.230615     0.120436     0.031212     0.786802  11.270756
  64   64     2      4   8.821109     0.217501     1.063081   0.230615     0.120436     0.031212     0.786802  11.270756
  64   64     2      4   8.821109     0.217501     1.063081   0.230615     0.120436     0.031212     0.786802  11.270756
  64   64     2      4   8.821109     0.217501     1.063081   0.230615     0.120436     0.031212     0.786802  11.270756
  45   45     4      4   6.359818     0.236057     0.758983   0.223774     0.148232     0.043714     0.606462   8.377039
  45   45     4      4   6.359818     0.236057     0.758983   0.223774     0.148232     0.043714     0.606462   8.377039
  45   45     4      4   6.359818     0.236057     0.758983   0.223774     0.148232     0.043714     0.606462   8.377039
  45   45     4      4   6.359818     0.236057     0.758983   0.223774     0.148232     0.043714     0.606462   8.377039
  45   45     4      4   6.359818     0.236057     0.758983   0.223774     0.148232     0.043714     0.606462   8.377039
  32   32     8      4   4.134207     0.326096     0.572124   0.214400     0.168013     0.034322     0.707892   6.157053
  32   32     8      4   4.134207     0.326096     0.572124   0.214400     0.168013     0.034322     0.707892   6.157053
  32   32     8      4   4.134207     0.326096     0.572124   0.214400     0.168013     0.034322     0.707892   6.157053
  32   32     8      4   4.134207     0.326096     0.572124   0.214400     0.168013     0.034322     0.707892   6.157053
  32   32     8      4   4.134207     0.326096     0.572124   0.214400     0.168013     0.034322     0.707892   6.157053
  26   26    12      4   3.118363     0.310046     0.477154   0.185708     0.169594     0.039756     0.552313   4.852934
  26   26    12      4   3.118363     0.310046     0.477154   0.185708     0.169594     0.039756     0.552313   4.852934
  26   26    12      4   3.118363     0.310046     0.477154   0.185708     0.169594     0.039756     0.552313   4.852934
  26   26    12      4   3.118363     0.310046     0.477154   0.185708     0.169594     0.039756     0.552313   4.852934
  26   26    12      4   3.118363     0.310046     0.477154   0.185708     0.169594     0.039756     0.552313   4.852934
  22   22    16      4   2.259244     0.278933     0.440223   0.180873     0.187252     0.040770     0.891282   4.278577
  22   22    16      4   2.259244     0.278933     0.440223   0.180873     0.187252     0.040770     0.891282   4.278577
  22   22    16      4   2.259244     0.278933     0.440223   0.180873     0.187252     0.040770     0.891282   4.278577
  22   22    16      4   2.259244     0.278933     0.440223   0.180873     0.187252     0.040770     0.891282   4.278577
  22   22    16      4   2.259244     0.278933     0.440223   0.180873     0.187252     0.040770     0.891282   4.278577
  64   64     1      8  14.867026     0.000000     1.364695   0.264606     0.000000     0.041872     0.219309  16.757508
  64   64     1      8  14.867026     0.000000     1.364695   0.264606     0.000000     0.041872     0.219309  16.757508
  64   64     1      8  14.867026     0.000000     1.364695   0.264606     0.000000     0.041872     0.219309  16.757508
  64   64     1      8  14.867026     0.000000     1.364695   0.264606     0.000000     0.041872     0.219309  16.757508
  64   64     1      8  14.867026     0.000000     1.364695   0.264606     0.000000     0.041872     0.219309  16.757508
  45   45     2      8   8.554742     0.487167     0.942843   0.223663     0.139066     0.044841     0.278509  10.670830
  45   45     2      8   8.554742     0.487167     0.942843   0.223663     0.139066     0.044841     0.278509  10.670830
  45   45     2      8   8.554742     0.487167     0.942843   0.223663     0.139066     0.044841     0.278509  10.670830
  45   45     2      8   8.554742     0.487167     0.942843   0.223663     0.139066     0.044841     0.278509  10.670830
  45   45     2      8   8.554742     0.487167     0.942843   0.223663     0.139066     0.044841     0.278509  10.670830
  32   32     4      8   4.142900     0.506995     0.703736   0.210112     0.180368     0.045231     1.359896   7.149238
  32   32     4      8   4.142900     0.506995     0.703736   0.210112     0.180368     0.045231     1.359896   7.149238
  32   32     4      8   4.142900     0.506995     0.703736   0.210112     0.180368     0.045231     1.359896   7.149238
  32   32     4      8   4.142900     0.506995     0.703736   0.210112     0.180368     0.045231     1.359896   7.149238
  32   32     4      8   4.142900     0.506995     0.703736   0.210112     0.180368     0.045231     1.359896   7.149238
  22   22     8      8   2.231746     0.486812     0.533562   0.204790     0.192994     0.049753     1.206128   4.905785
  22   22     8      8   2.231746     0.486812     0.533562   0.204790     0.192994     0.049753     1.206128   4.905785
  22   22     8      8   2.231746     0.486812     0.533562   0.204790     0.192994     0.049753     1.206128   4.905785
  22   22     8      8   2.231746     0.486812     0.533562   0.204790     0.192994     0.049753     1.206128   4.905785
  22   22     8      8   2.231746     0.486812     0.533562   0.204790     0.192994     0.049753     1.206128   4.905785
  18   18    12      8   2.467947     0.482196     0.488326   0.225071     0.217119     0.043146     0.678751   4.602556
  18   18    12      8   2.467947     0.482196     0.488326   0.225071     0.217119     0.043146     0.678751   4.602556
  18   18    12      8   2.467947     0.482196     0.488326   0.225071     0.217119     0.043146     0.678751   4.602556
  18   18    12      8   2.467947     0.482196     0.488326   0.225071     0.217119     0.043146     0.678751   4.602556
  18   18    12      8   2.467947     0.482196     0.488326   0.225071     0.217119     0.043146     0.678751   4.602556
  16   16    16      8   2.029791     0.412697     0.389085   0.177066     0.229111     0.045878     0.633044   3.916672
  16   16    16      8   2.029791     0.412697     0.389085   0.177066     0.229111     0.045878     0.633044   3.916672
  16   16    16      8   2.029791     0.412697     0.389085   0.177066     0.229111     0.045878     0.633044   3.916672
  16   16    16      8   2.029791     0.412697     0.389085   0.177066     0.229111     0.045878     0.633044   3.916672
  16   16    16      8   2.029791     0.412697     0.389085   0.177066     0.229111     0.045878     0.633044   3.916672
  45   45     1     16  11.610439     0.000000     1.358674   0.379363     0.000000     0.093406     0.226260  13.668142
  45   45     1     16  11.610439     0.000000     1.358674   0.379363     0.000000     0.093406     0.226260  13.668142
  45   45     1     16  11.610439     0.000000     1.358674   0.379363     0.000000     0.093406     0.226260  13.668142
  45   45     1     16  11.610439     0.000000     1.358674   0.379363     0.000000     0.093406     0.226260  13.668142
  45   45     1     16  11.610439     0.000000     1.358674   0.379363     0.000000     0.093406     0.226260  13.668142
  32   32     2     16   8.189516     0.784583     1.004353   0.364431     0.273823     0.094689     0.497351  11.208746
  32   32     2     16   8.189516     0.784583     1.004353   0.364431     0.273823     0.094689     0.497351  11.208746
  32   32     2     16   8.189516     0.784583     1.004353   0.364431     0.273823     0.094689     0.497351  11.208746
  32   32     2     16   8.189516     0.784583     1.004353   0.364431     0.273823     0.094689     0.497351  11.208746
  32   32     2     16   8.189516     0.784583     1.004353   0.364431     0.273823     0.094689     0.497351  11.208746
  22   22     4     16   3.651472     0.696177     0.843954   0.355889     0.323877     0.092429     0.766735   6.730533
  22   22     4     16   3.651472     0.696177     0.843954   0.355889     0.323877     0.092429     0.766735   6.730533
  22   22     4     16   3.651472     0.696177     0.843954   0.355889     0.323877     0.092429     0.766735   6.730533
  22   22     4     16   3.651472     0.696177     0.843954   0.355889     0.323877     0.092429     0.766735   6.730533
  22   22     4     16   3.651472     0.696177     0.843954   0.355889     0.323877     0.092429     0.766735   6.730533
  16   16     8     16   2.368783     0.628815     0.588166   0.261145     0.255559     0.079018     1.153940   5.335426
  16   16     8     16   2.368783     0.628815     0.588166   0.261145     0.255559     0.079018     1.153940   5.335426
  16   16     8     16   2.368783     0.628815     0.588166   0.261145     0.255559     0.079018     1.153940   5.335426
  16   16     8     16   2.368783     0.628815     0.588166   0.261145     0.255559     0.079018     1.153940   5.335426
  16   16     8     16   2.368783     0.628815     0.588166   0.261145     0.255559     0.079018     1.153940   5.335426
  13   13    12     16   2.141167     0.677404     0.505823   0.264644     0.292444     0.082170     0.853532   4.817183
  13   13    12     16   2.141167     0.677404     0.505823   0.264644     0.292444     0.082170     0.853532   4.817183
  13   13    12     16   2.141167     0.677404     0.505823   0.264644     0.292444     0.082170     0.853532   4.817183
  13   13    12     16   2.141167     0.677404     0.505823   0.264644     0.292444     0.082170     0.853532   4.817183
  13   13    12     16   2.141167     0.677404     0.505823   0.264644     0.292444     0.082170     0.853532   4.817183
  11   11    16     16   1.634434     0.705663     0.433187   0.290361     0.312661     0.081070     0.788777   4.246152
  11   11    16     16   1.634434     0.705663     0.433187   0.290361     0.312661     0.081070     0.788777   4.246152
  11   11    16     16   1.634434     0.705663     0.433187   0.290361     0.312661     0.081070     0.788777   4.246152
  11   11    16     16   1.634434     0.705663     0.433187   0.290361     0.312661     0.081070     0.788777   4.246152
  11   11    16     16   1.634434     0.705663     0.433187   0.290361     0.312661     0.081070     0.788777   4.246152
