  45   45     1      1   8.486455     0.000000     3.052006   0.901638     0.000000     0.168098     0.315377  12.923573
  45   45     1      1   8.486455     0.000000     3.052006   0.901638     0.000000     0.168098     0.315377  12.923573
  45   45     1      1   8.486455     0.000000     3.052006   0.901638     0.000000     0.168098     0.315377  12.923573
  45   45     1      1   8.486455     0.000000     3.052006   0.901638     0.000000     0.168098     0.315377  12.923573
  45   45     1      1   8.486455     0.000000     3.052006   0.901638     0.000000     0.168098     0.315377  12.923573
  32   32     2      1   3.903100     0.239098     2.166624   0.826458     0.565247     0.166109     0.438991   8.305626
  32   32     2      1   3.903100     0.239098     2.166624   0.826458     0.565247     0.166109     0.438991   8.305626
  32   32     2      1   3.903100     0.239098     2.166624   0.826458     0.565247     0.166109     0.438991   8.305626
  32   32     2      1   3.903100     0.239098     2.166624   0.826458     0.565247     0.166109     0.438991   8.305626
  32   32     2      1   3.903100     0.239098     2.166624   0.826458     0.565247     0.166109     0.438991   8.305626
  22   22     4      1   2.158271     0.368927     1.679708   0.689886     0.637183     0.131711     0.890338   6.556025
  22   22     4      1   2.158271     0.368927     1.679708   0.689886     0.637183     0.131711     0.890338   6.556025
  22   22     4      1   2.158271     0.368927     1.679708   0.689886     0.637183     0.131711     0.890338   6.556025
  22   22     4      1   2.158271     0.368927     1.679708   0.689886     0.637183     0.131711     0.890338   6.556025
  22   22     4      1   2.158271     0.368927     1.679708   0.689886     0.637183     0.131711     0.890338   6.556025
  16   16     8      1   1.595241     0.428493     1.150148   0.624655     0.571117     0.128700     0.996337   5.494691
  16   16     8      1   1.595241     0.428493     1.150148   0.624655     0.571117     0.128700     0.996337   5.494691
  16   16     8      1   1.595241     0.428493     1.150148   0.624655     0.571117     0.128700     0.996337   5.494691
  16   16     8      1   1.595241     0.428493     1.150148   0.624655     0.571117     0.128700     0.996337   5.494691
  16   16     8      1   1.595241     0.428493     1.150148   0.624655     0.571117     0.128700     0.996337   5.494691
  13   13    12      1   1.208504     0.556077     1.154772   0.737738     0.788502     0.158446     0.765130   5.369168
  13   13    12      1   1.208504     0.556077     1.154772   0.737738     0.788502     0.158446     0.765130   5.369168
  13   13    12      1   1.208504     0.556077     1.154772   0.737738     0.788502     0.158446     0.765130   5.369168
  13   13    12      1   1.208504     0.556077     1.154772   0.737738     0.788502     0.158446     0.765130   5.369168
  13   13    12      1   1.208504     0.556077     1.154772   0.737738     0.788502     0.158446     0.765130   5.369168
  11   11    16      1   0.810331     0.558690     0.922686   0.660405     0.816221     0.060830     1.128700   4.957864
  11   11    16      1   0.810331     0.558690     0.922686   0.660405     0.816221     0.060830     1.128700   4.957864
  11   11    16      1   0.810331     0.558690     0.922686   0.660405     0.816221     0.060830     1.128700   4.957864
  11   11    16      1   0.810331     0.558690     0.922686   0.660405     0.816221     0.060830     1.128700   4.957864
  11   11    16      1   0.810331     0.558690     0.922686   0.660405     0.816221     0.060830     1.128700   4.957864
  32   32     1      2   6.475941     0.000000     2.487075   0.808410     0.000000     0.161222     0.093008  10.025656
  32   32     1      2   6.475941     0.000000     2.487075   0.808410     0.000000     0.161222     0.093008  10.025656
  32   32     1      2   6.475941     0.000000     2.487075   0.808410     0.000000     0.161222     0.093008  10.025656
  32   32     1      2   6.475941     0.000000     2.487075   0.808410     0.000000     0.161222     0.093008  10.025656
  32   32     1      2   6.475941     0.000000     2.487075   0.808410     0.000000     0.161222     0.093008  10.025656
  22   22     2      2   3.141569     0.561642     1.881516   0.843647     0.592395     0.165441     0.749904   7.936114
  22   22     2      2   3.141569     0.561642     1.881516   0.843647     0.592395     0.165441     0.749904   7.936114
  22   22     2      2   3.141569     0.561642     1.881516   0.843647     0.592395     0.165441     0.749904   7.936114
  22   22     2      2   3.141569     0.561642     1.881516   0.843647     0.592395     0.165441     0.749904   7.936114
  22   22     2      2   3.141569     0.561642     1.881516   0.843647     0.592395     0.165441     0.749904   7.936114
  16   16     4      2   2.019506     0.671435     1.281260   0.664132     0.586456     0.161054     0.658222   6.042065
  16   16     4      2   2.019506     0.671435     1.281260   0.664132     0.586456     0.161054     0.658222   6.042065
  16   16     4      2   2.019506     0.671435     1.281260   0.664132     0.586456     0.161054     0.658222   6.042065
  16   16     4      2   2.019506     0.671435     1.281260   0.664132     0.586456     0.161054     0.658222   6.042065
  16   16     4      2   2.019506     0.671435     1.281260   0.664132     0.586456     0.161054     0.658222   6.042065
  11   11     8      2   0.939132     0.599618     1.252368   0.847787     0.763617     0.161850     1.038135   5.602507
  11   11     8      2   0.939132     0.599618     1.252368   0.847787     0.763617     0.161850     1.038135   5.602507
  11   11     8      2   0.939132     0.599618     1.252368   0.847787     0.763617     0.161850     1.038135   5.602507
  11   11     8      2   0.939132     0.599618     1.252368   0.847787     0.763617     0.161850     1.038135   5.602507
  11   11     8      2   0.939132     0.599618     1.252368   0.847787     0.763617     0.161850     1.038135   5.602507
   9    9    12      2   1.064422     1.423926     0.952574   0.689993     0.753061     0.171012     0.880662   5.935650
   9    9    12      2   1.064422     1.423926     0.952574   0.689993     0.753061     0.171012     0.880662   5.935650
   9    9    12      2   1.064422     1.423926     0.952574   0.689993     0.753061     0.171012     0.880662   5.935650
   9    9    12      2   1.064422     1.423926     0.952574   0.689993     0.753061     0.171012     0.880662   5.935650
   9    9    12      2   1.064422     1.423926     0.952574   0.689993     0.753061     0.171012     0.880662   5.935650
   8    8    16      2   1.056110     0.860184     0.819680   0.632072     0.682972     0.144661     0.781007   4.976686
   8    8    16      2   1.056110     0.860184     0.819680   0.632072     0.682972     0.144661     0.781007   4.976686
   8    8    16      2   1.056110     0.860184     0.819680   0.632072     0.682972     0.144661     0.781007   4.976686
   8    8    16      2   1.056110     0.860184     0.819680   0.632072     0.682972     0.144661     0.781007   4.976686
   8    8    16      2   1.056110     0.860184     0.819680   0.632072     0.682972     0.144661     0.781007   4.976686
  22   22     1      4   5.812735     0.000000     2.255794   0.811417     0.000000     0.178882     0.328403   9.387231
  22   22     1      4   5.812735     0.000000     2.255794   0.811417     0.000000     0.178882     0.328403   9.387231
  22   22     1      4   5.812735     0.000000     2.255794   0.811417     0.000000     0.178882     0.328403   9.387231
  22   22     1      4   5.812735     0.000000     2.255794   0.811417     0.000000     0.178882     0.328403   9.387231
  22   22     1      4   5.812735     0.000000     2.255794   0.811417     0.000000     0.178882     0.328403   9.387231
  16   16     2      4   3.674840     1.014028     1.741175   0.963914     0.672348     0.185154     0.457756   8.709215
  16   16     2      4   3.674840     1.014028     1.741175   0.963914     0.672348     0.185154     0.457756   8.709215
  16   16     2      4   3.674840     1.014028     1.741175   0.963914     0.672348     0.185154     0.457756   8.709215
  16   16     2      4   3.674840     1.014028     1.741175   0.963914     0.672348     0.185154     0.457756   8.709215
  16   16     2      4   3.674840     1.014028     1.741175   0.963914     0.672348     0.185154     0.457756   8.709215
  11   11     4      4   1.737735     0.957669     1.389054   0.829773     0.645725     0.161201     0.441943   6.163100
  11   11     4      4   1.737735     0.957669     1.389054   0.829773     0.645725     0.161201     0.441943   6.163100
  11   11     4      4   1.737735     0.957669     1.389054   0.829773     0.645725     0.161201     0.441943   6.163100
  11   11     4      4   1.737735     0.957669     1.389054   0.829773     0.645725     0.161201     0.441943   6.163100
  11   11     4      4   1.737735     0.957669     1.389054   0.829773     0.645725     0.161201     0.441943   6.163100
   8    8     8      4   1.392324     1.194560     1.046849   0.659638     0.696907     0.149879     0.490722   5.630879
   8    8     8      4   1.392324     1.194560     1.046849   0.659638     0.696907     0.149879     0.490722   5.630879
   8    8     8      4   1.392324     1.194560     1.046849   0.659638     0.696907     0.149879     0.490722   5.630879
   8    8     8      4   1.392324     1.194560     1.046849   0.659638     0.696907     0.149879     0.490722   5.630879
   8    8     8      4   1.392324     1.194560     1.046849   0.659638     0.696907     0.149879     0.490722   5.630879
   6    6    12      4   0.939304     1.985378     0.991657   0.786277     0.936513     0.176174     1.125467   6.940770
   6    6    12      4   0.939304     1.985378     0.991657   0.786277     0.936513     0.176174     1.125467   6.940770
   6    6    12      4   0.939304     1.985378     0.991657   0.786277     0.936513     0.176174     1.125467   6.940770
   6    6    12      4   0.939304     1.985378     0.991657   0.786277     0.936513     0.176174     1.125467   6.940770
   6    6    12      4   0.939304     1.985378     0.991657   0.786277     0.936513     0.176174     1.125467   6.940770
   5    5    16      4   1.029225     1.823669     1.255496   1.006579     1.075224     0.218548     0.791415   7.200156
   5    5    16      4   1.029225     1.823669     1.255496   1.006579     1.075224     0.218548     0.791415   7.200156
   5    5    16      4   1.029225     1.823669     1.255496   1.006579     1.075224     0.218548     0.791415   7.200156
   5    5    16      4   1.029225     1.823669     1.255496   1.006579     1.075224     0.218548     0.791415   7.200156
   5    5    16      4   1.029225     1.823669     1.255496   1.006579     1.075224     0.218548     0.791415   7.200156
  16   16     1      8   6.564113     0.000000     2.246545   0.906689     0.000000     0.180650     0.379832  10.277829
  16   16     1      8   6.564113     0.000000     2.246545   0.906689     0.000000     0.180650     0.379832  10.277829
  16   16     1      8   6.564113     0.000000     2.246545   0.906689     0.000000     0.180650     0.379832  10.277829
  16   16     1      8   6.564113     0.000000     2.246545   0.906689     0.000000     0.180650     0.379832  10.277829
  16   16     1      8   6.564113     0.000000     2.246545   0.906689     0.000000     0.180650     0.379832  10.277829
  11   11     2      8   2.167256     1.803438     1.635493   0.866938     0.656982     0.178972     1.085711   8.394790
  11   11     2      8   2.167256     1.803438     1.635493   0.866938     0.656982     0.178972     1.085711   8.394790
  11   11     2      8   2.167256     1.803438     1.635493   0.866938     0.656982     0.178972     1.085711   8.394790
  11   11     2      8   2.167256     1.803438     1.635493   0.866938     0.656982     0.178972     1.085711   8.394790
  11   11     2      8   2.167256     1.803438     1.635493   0.866938     0.656982     0.178972     1.085711   8.394790
   8    8     4      8   1.097677     1.793096     1.323617   0.836577     0.773422     0.173616     1.231005   7.229010
   8    8     4      8   1.097677     1.793096     1.323617   0.836577     0.773422     0.173616     1.231005   7.229010
   8    8     4      8   1.097677     1.793096     1.323617   0.836577     0.773422     0.173616     1.231005   7.229010
   8    8     4      8   1.097677     1.793096     1.323617   0.836577     0.773422     0.173616     1.231005   7.229010
   8    8     4      8   1.097677     1.793096     1.323617   0.836577     0.773422     0.173616     1.231005   7.229010
   5    5     8      8   1.294630     2.415320     1.435846   1.171263     1.026351     0.230402     1.271575   8.845387
   5    5     8      8   1.294630     2.415320     1.435846   1.171263     1.026351     0.230402     1.271575   8.845387
   5    5     8      8   1.294630     2.415320     1.435846   1.171263     1.026351     0.230402     1.271575   8.845387
   5    5     8      8   1.294630     2.415320     1.435846   1.171263     1.026351     0.230402     1.271575   8.845387
   5    5     8      8   1.294630     2.415320     1.435846   1.171263     1.026351     0.230402     1.271575   8.845387
   4    4    12      8   0.699304     3.385987     1.161170   0.807651     1.179090     0.245336     2.093631   9.572169
   4    4    12      8   0.699304     3.385987     1.161170   0.807651     1.179090     0.245336     2.093631   9.572169
   4    4    12      8   0.699304     3.385987     1.161170   0.807651     1.179090     0.245336     2.093631   9.572169
   4    4    12      8   0.699304     3.385987     1.161170   0.807651     1.179090     0.245336     2.093631   9.572169
   4    4    12      8   0.699304     3.385987     1.161170   0.807651     1.179090     0.245336     2.093631   9.572169
   4    4    16      8   0.499215     1.743557     1.091049   0.827822     0.821573     0.178169     0.939116   6.100501
   4    4    16      8   0.499215     1.743557     1.091049   0.827822     0.821573     0.178169     0.939116   6.100501
   4    4    16      8   0.499215     1.743557     1.091049   0.827822     0.821573     0.178169     0.939116   6.100501
   4    4    16      8   0.499215     1.743557     1.091049   0.827822     0.821573     0.178169     0.939116   6.100501
   4    4    16      8   0.499215     1.743557     1.091049   0.827822     0.821573     0.178169     0.939116   6.100501
  11   11     1     16   4.961349     0.000000     2.568195   1.334197     0.000000     0.329455     0.377534   9.570730
  11   11     1     16   4.961349     0.000000     2.568195   1.334197     0.000000     0.329455     0.377534   9.570730
  11   11     1     16   4.961349     0.000000     2.568195   1.334197     0.000000     0.329455     0.377534   9.570730
  11   11     1     16   4.961349     0.000000     2.568195   1.334197     0.000000     0.329455     0.377534   9.570730
  11   11     1     16   4.961349     0.000000     2.568195   1.334197     0.000000     0.329455     0.377534   9.570730
   8    8     2     16   2.250413     2.359029     1.852042   1.036098     0.822683     0.296614     1.267011   9.883891
   8    8     2     16   2.250413     2.359029     1.852042   1.036098     0.822683     0.296614     1.267011   9.883891
   8    8     2     16   2.250413     2.359029     1.852042   1.036098     0.822683     0.296614     1.267011   9.883891
   8    8     2     16   2.250413     2.359029     1.852042   1.036098     0.822683     0.296614     1.267011   9.883891
   8    8     2     16   2.250413     2.359029     1.852042   1.036098     0.822683     0.296614     1.267011   9.883891
   5    5     4     16   2.580022     2.968836     1.853179   1.333847     1.429032     0.383740     0.978369  11.527025
   5    5     4     16   2.580022     2.968836     1.853179   1.333847     1.429032     0.383740     0.978369  11.527025
   5    5     4     16   2.580022     2.968836     1.853179   1.333847     1.429032     0.383740     0.978369  11.527025
   5    5     4     16   2.580022     2.968836     1.853179   1.333847     1.429032     0.383740     0.978369  11.527025
   5    5     4     16   2.580022     2.968836     1.853179   1.333847     1.429032     0.383740     0.978369  11.527025
   4    4     8     16   0.850029     2.475790     1.204361   1.010060     1.061657     0.313106     1.560785   8.475788
   4    4     8     16   0.850029     2.475790     1.204361   1.010060     1.061657     0.313106     1.560785   8.475788
   4    4     8     16   0.850029     2.475790     1.204361   1.010060     1.061657     0.313106     1.560785   8.475788
   4    4     8     16   0.850029     2.475790     1.204361   1.010060     1.061657     0.313106     1.560785   8.475788
   4    4     8     16   0.850029     2.475790     1.204361   1.010060     1.061657     0.313106     1.560785   8.475788
   3    3    12     16   0.815234     4.993579     1.367364   1.049950     1.663074     0.405395     2.124843  12.419439
   3    3    12     16   0.815234     4.993579     1.367364   1.049950     1.663074     0.405395     2.124843  12.419439
   3    3    12     16   0.815234     4.993579     1.367364   1.049950     1.663074     0.405395     2.124843  12.419439
   3    3    12     16   0.815234     4.993579     1.367364   1.049950     1.663074     0.405395     2.124843  12.419439
   3    3    12     16   0.815234     4.993579     1.367364   1.049950     1.663074     0.405395     2.124843  12.419439
   2    2    16     16   0.793536     8.222253     2.595044   2.426732     2.609557     0.609413     3.772803  21.029338
   2    2    16     16   0.793536     8.222253     2.595044   2.426732     2.609557     0.609413     3.772803  21.029338
   2    2    16     16   0.793536     8.222253     2.595044   2.426732     2.609557     0.609413     3.772803  21.029338
   2    2    16     16   0.793536     8.222253     2.595044   2.426732     2.609557     0.609413     3.772803  21.029338
   2    2    16     16   0.793536     8.222253     2.595044   2.426732     2.609557     0.609413     3.772803  21.029338
