 181  181     1      1   5.963150     0.000000     0.268675   0.029469     0.000000     0.004424     0.104532   6.370249
 181  181     1      1   5.963150     0.000000     0.268675   0.029469     0.000000     0.004424     0.104532   6.370249
 181  181     1      1   5.963150     0.000000     0.268675   0.029469     0.000000     0.004424     0.104532   6.370249
 181  181     1      1   5.963150     0.000000     0.268675   0.029469     0.000000     0.004424     0.104532   6.370249
 181  181     1      1   5.963150     0.000000     0.268675   0.029469     0.000000     0.004424     0.104532   6.370249
 128  128     2      1   3.037455     0.004372     0.202641   0.031359     0.015298     0.004673     1.320628   4.616425
 128  128     2      1   3.037455     0.004372     0.202641   0.031359     0.015298     0.004673     1.320628   4.616425
 128  128     2      1   3.037455     0.004372     0.202641   0.031359     0.015298     0.004673     1.320628   4.616425
 128  128     2      1   3.037455     0.004372     0.202641   0.031359     0.015298     0.004673     1.320628   4.616425
 128  128     2      1   3.037455     0.004372     0.202641   0.031359     0.015298     0.004673     1.320628   4.616425
  90   90     4      1   1.809574     0.008588     0.152192   0.038418     0.020761     0.004145     0.883701   2.917379
  90   90     4      1   1.809574     0.008588     0.152192   0.038418     0.020761     0.004145     0.883701   2.917379
  90   90     4      1   1.809574     0.008588     0.152192   0.038418     0.020761     0.004145     0.883701   2.917379
  90   90     4      1   1.809574     0.008588     0.152192   0.038418     0.020761     0.004145     0.883701   2.917379
  90   90     4      1   1.809574     0.008588     0.152192   0.038418     0.020761     0.004145     0.883701   2.917379
  64   64     8      1   0.698619     0.012512     0.103667   0.025501     0.020193     0.002916     1.329183   2.192591
  64   64     8      1   0.698619     0.012512     0.103667   0.025501     0.020193     0.002916     1.329183   2.192591
  64   64     8      1   0.698619     0.012512     0.103667   0.025501     0.020193     0.002916     1.329183   2.192591
  64   64     8      1   0.698619     0.012512     0.103667   0.025501     0.020193     0.002916     1.329183   2.192591
  64   64     8      1   0.698619     0.012512     0.103667   0.025501     0.020193     0.002916     1.329183   2.192591
  52   52    12      1   0.684785     0.022780     0.083650   0.015144     0.019502     0.002847     0.774636   1.603345
  52   52    12      1   0.684785     0.022780     0.083650   0.015144     0.019502     0.002847     0.774636   1.603345
  52   52    12      1   0.684785     0.022780     0.083650   0.015144     0.019502     0.002847     0.774636   1.603345
  52   52    12      1   0.684785     0.022780     0.083650   0.015144     0.019502     0.002847     0.774636   1.603345
  52   52    12      1   0.684785     0.022780     0.083650   0.015144     0.019502     0.002847     0.774636   1.603345
  45   45    16      1   0.632661     0.017884     0.076750   0.022564     0.018548     0.002236     0.755460   1.526102
  45   45    16      1   0.632661     0.017884     0.076750   0.022564     0.018548     0.002236     0.755460   1.526102
  45   45    16      1   0.632661     0.017884     0.076750   0.022564     0.018548     0.002236     0.755460   1.526102
  45   45    16      1   0.632661     0.017884     0.076750   0.022564     0.018548     0.002236     0.755460   1.526102
  45   45    16      1   0.632661     0.017884     0.076750   0.022564     0.018548     0.002236     0.755460   1.526102
 128  128     1      2   2.935825     0.000000     0.222858   0.036206     0.000000     0.005967     0.014635   3.215491
 128  128     1      2   2.935825     0.000000     0.222858   0.036206     0.000000     0.005967     0.014635   3.215491
 128  128     1      2   2.935825     0.000000     0.222858   0.036206     0.000000     0.005967     0.014635   3.215491
 128  128     1      2   2.935825     0.000000     0.222858   0.036206     0.000000     0.005967     0.014635   3.215491
 128  128     1      2   2.935825     0.000000     0.222858   0.036206     0.000000     0.005967     0.014635   3.215491
  90   90     2      2   1.600185     0.012588     0.151458   0.028868     0.014701     0.004869     0.309784   2.122454
  90   90     2      2   1.600185     0.012588     0.151458   0.028868     0.014701     0.004869     0.309784   2.122454
  90   90     2      2   1.600185     0.012588     0.151458   0.028868     0.014701     0.004869     0.309784   2.122454
  90   90     2      2   1.600185     0.012588     0.151458   0.028868     0.014701     0.004869     0.309784   2.122454
  90   90     2      2   1.600185     0.012588     0.151458   0.028868     0.014701     0.004869     0.309784   2.122454
  64   64     4      2   0.864387     0.012680     0.109214   0.029922     0.019844     0.004776     0.363316   1.404139
  64   64     4      2   0.864387     0.012680     0.109214   0.029922     0.019844     0.004776     0.363316   1.404139
  64   64     4      2   0.864387     0.012680     0.109214   0.029922     0.019844     0.004776     0.363316   1.404139
  64   64     4      2   0.864387     0.012680     0.109214   0.029922     0.019844     0.004776     0.363316   1.404139
  64   64     4      2   0.864387     0.012680     0.109214   0.029922     0.019844     0.004776     0.363316   1.404139
  45   45     8      2   0.639222     0.016796     0.077757   0.027553     0.020600     0.004859     0.294797   1.081584
  45   45     8      2   0.639222     0.016796     0.077757   0.027553     0.020600     0.004859     0.294797   1.081584
  45   45     8      2   0.639222     0.016796     0.077757   0.027553     0.020600     0.004859     0.294797   1.081584
  45   45     8      2   0.639222     0.016796     0.077757   0.027553     0.020600     0.004859     0.294797   1.081584
  45   45     8      2   0.639222     0.016796     0.077757   0.027553     0.020600     0.004859     0.294797   1.081584
  36   36    12      2   0.440593     0.025327     0.073035   0.024357     0.023656     0.005057     0.245661   0.837686
  36   36    12      2   0.440593     0.025327     0.073035   0.024357     0.023656     0.005057     0.245661   0.837686
  36   36    12      2   0.440593     0.025327     0.073035   0.024357     0.023656     0.005057     0.245661   0.837686
  36   36    12      2   0.440593     0.025327     0.073035   0.024357     0.023656     0.005057     0.245661   0.837686
  36   36    12      2   0.440593     0.025327     0.073035   0.024357     0.023656     0.005057     0.245661   0.837686
  32   32    16      2   0.421930     0.026759     0.061740   0.031024     0.022206     0.003117     0.132241   0.699017
  32   32    16      2   0.421930     0.026759     0.061740   0.031024     0.022206     0.003117     0.132241   0.699017
  32   32    16      2   0.421930     0.026759     0.061740   0.031024     0.022206     0.003117     0.132241   0.699017
  32   32    16      2   0.421930     0.026759     0.061740   0.031024     0.022206     0.003117     0.132241   0.699017
  32   32    16      2   0.421930     0.026759     0.061740   0.031024     0.022206     0.003117     0.132241   0.699017
  90   90     1      4   2.775468     0.000000     0.178307   0.033845     0.000000     0.005734     0.040187   3.033542
  90   90     1      4   2.775468     0.000000     0.178307   0.033845     0.000000     0.005734     0.040187   3.033542
  90   90     1      4   2.775468     0.000000     0.178307   0.033845     0.000000     0.005734     0.040187   3.033542
  90   90     1      4   2.775468     0.000000     0.178307   0.033845     0.000000     0.005734     0.040187   3.033542
  90   90     1      4   2.775468     0.000000     0.178307   0.033845     0.000000     0.005734     0.040187   3.033542
  64   64     2      4   1.175591     0.027362     0.127877   0.031224     0.015672     0.005054     0.076591   1.459371
  64   64     2      4   1.175591     0.027362     0.127877   0.031224     0.015672     0.005054     0.076591   1.459371
  64   64     2      4   1.175591     0.027362     0.127877   0.031224     0.015672     0.005054     0.076591   1.459371
  64   64     2      4   1.175591     0.027362     0.127877   0.031224     0.015672     0.005054     0.076591   1.459371
  64   64     2      4   1.175591     0.027362     0.127877   0.031224     0.015672     0.005054     0.076591   1.459371
  45   45     4      4   1.011700     0.025776     0.090791   0.029911     0.016841     0.004608     0.142419   1.322045
  45   45     4      4   1.011700     0.025776     0.090791   0.029911     0.016841     0.004608     0.142419   1.322045
  45   45     4      4   1.011700     0.025776     0.090791   0.029911     0.016841     0.004608     0.142419   1.322045
  45   45     4      4   1.011700     0.025776     0.090791   0.029911     0.016841     0.004608     0.142419   1.322045
  45   45     4      4   1.011700     0.025776     0.090791   0.029911     0.016841     0.004608     0.142419   1.322045
  32   32     8      4   0.458361     0.035355     0.067585   0.026870     0.022403     0.004854     0.237994   0.853422
  32   32     8      4   0.458361     0.035355     0.067585   0.026870     0.022403     0.004854     0.237994   0.853422
  32   32     8      4   0.458361     0.035355     0.067585   0.026870     0.022403     0.004854     0.237994   0.853422
  32   32     8      4   0.458361     0.035355     0.067585   0.026870     0.022403     0.004854     0.237994   0.853422
  32   32     8      4   0.458361     0.035355     0.067585   0.026870     0.022403     0.004854     0.237994   0.853422
  26   26    12      4   0.401653     0.030231     0.053280   0.024502     0.023032     0.003872     0.079590   0.616160
  26   26    12      4   0.401653     0.030231     0.053280   0.024502     0.023032     0.003872     0.079590   0.616160
  26   26    12      4   0.401653     0.030231     0.053280   0.024502     0.023032     0.003872     0.079590   0.616160
  26   26    12      4   0.401653     0.030231     0.053280   0.024502     0.023032     0.003872     0.079590   0.616160
  26   26    12      4   0.401653     0.030231     0.053280   0.024502     0.023032     0.003872     0.079590   0.616160
  22   22    16      4   0.315093     0.037994     0.047210   0.022047     0.027617     0.003876     0.121604   0.575442
  22   22    16      4   0.315093     0.037994     0.047210   0.022047     0.027617     0.003876     0.121604   0.575442
  22   22    16      4   0.315093     0.037994     0.047210   0.022047     0.027617     0.003876     0.121604   0.575442
  22   22    16      4   0.315093     0.037994     0.047210   0.022047     0.027617     0.003876     0.121604   0.575442
  22   22    16      4   0.315093     0.037994     0.047210   0.022047     0.027617     0.003876     0.121604   0.575442
  64   64     1      8   2.549760     0.000000     0.156950   0.035186     0.000000     0.005952     0.027774   2.775623
  64   64     1      8   2.549760     0.000000     0.156950   0.035186     0.000000     0.005952     0.027774   2.775623
  64   64     1      8   2.549760     0.000000     0.156950   0.035186     0.000000     0.005952     0.027774   2.775623
  64   64     1      8   2.549760     0.000000     0.156950   0.035186     0.000000     0.005952     0.027774   2.775623
  64   64     1      8   2.549760     0.000000     0.156950   0.035186     0.000000     0.005952     0.027774   2.775623
  45   45     2      8   1.384299     0.048270     0.116870   0.033931     0.020969     0.005419     0.043135   1.652894
  45   45     2      8   1.384299     0.048270     0.116870   0.033931     0.020969     0.005419     0.043135   1.652894
  45   45     2      8   1.384299     0.048270     0.116870   0.033931     0.020969     0.005419     0.043135   1.652894
  45   45     2      8   1.384299     0.048270     0.116870   0.033931     0.020969     0.005419     0.043135   1.652894
  45   45     2      8   1.384299     0.048270     0.116870   0.033931     0.020969     0.005419     0.043135   1.652894
  32   32     4      8   0.843780     0.065967     0.086657   0.035966     0.026215     0.006187     0.119104   1.183876
  32   32     4      8   0.843780     0.065967     0.086657   0.035966     0.026215     0.006187     0.119104   1.183876
  32   32     4      8   0.843780     0.065967     0.086657   0.035966     0.026215     0.006187     0.119104   1.183876
  32   32     4      8   0.843780     0.065967     0.086657   0.035966     0.026215     0.006187     0.119104   1.183876
  32   32     4      8   0.843780     0.065967     0.086657   0.035966     0.026215     0.006187     0.119104   1.183876
  22   22     8      8   0.356564     0.068598     0.063449   0.031294     0.029174     0.005643     0.088658   0.643380
  22   22     8      8   0.356564     0.068598     0.063449   0.031294     0.029174     0.005643     0.088658   0.643380
  22   22     8      8   0.356564     0.068598     0.063449   0.031294     0.029174     0.005643     0.088658   0.643380
  22   22     8      8   0.356564     0.068598     0.063449   0.031294     0.029174     0.005643     0.088658   0.643380
  22   22     8      8   0.356564     0.068598     0.063449   0.031294     0.029174     0.005643     0.088658   0.643380
  18   18    12      8   0.277730     0.049870     0.055488   0.030195     0.022542     0.005652     0.122968   0.564445
  18   18    12      8   0.277730     0.049870     0.055488   0.030195     0.022542     0.005652     0.122968   0.564445
  18   18    12      8   0.277730     0.049870     0.055488   0.030195     0.022542     0.005652     0.122968   0.564445
  18   18    12      8   0.277730     0.049870     0.055488   0.030195     0.022542     0.005652     0.122968   0.564445
  18   18    12      8   0.277730     0.049870     0.055488   0.030195     0.022542     0.005652     0.122968   0.564445
  16   16    16      8   0.265279     0.050709     0.046767   0.026675     0.027406     0.005516     0.260140   0.682492
  16   16    16      8   0.265279     0.050709     0.046767   0.026675     0.027406     0.005516     0.260140   0.682492
  16   16    16      8   0.265279     0.050709     0.046767   0.026675     0.027406     0.005516     0.260140   0.682492
  16   16    16      8   0.265279     0.050709     0.046767   0.026675     0.027406     0.005516     0.260140   0.682492
  16   16    16      8   0.265279     0.050709     0.046767   0.026675     0.027406     0.005516     0.260140   0.682492
  45   45     1     16   1.426582     0.000000     0.174536   0.046552     0.000000     0.010274     0.031479   1.689423
  45   45     1     16   1.426582     0.000000     0.174536   0.046552     0.000000     0.010274     0.031479   1.689423
  45   45     1     16   1.426582     0.000000     0.174536   0.046552     0.000000     0.010274     0.031479   1.689423
  45   45     1     16   1.426582     0.000000     0.174536   0.046552     0.000000     0.010274     0.031479   1.689423
  45   45     1     16   1.426582     0.000000     0.174536   0.046552     0.000000     0.010274     0.031479   1.689423
  32   32     2     16   0.873538     0.060828     0.125231   0.038682     0.027486     0.010080     0.102065   1.237909
  32   32     2     16   0.873538     0.060828     0.125231   0.038682     0.027486     0.010080     0.102065   1.237909
  32   32     2     16   0.873538     0.060828     0.125231   0.038682     0.027486     0.010080     0.102065   1.237909
  32   32     2     16   0.873538     0.060828     0.125231   0.038682     0.027486     0.010080     0.102065   1.237909
  32   32     2     16   0.873538     0.060828     0.125231   0.038682     0.027486     0.010080     0.102065   1.237909
  22   22     4     16   0.413508     0.068800     0.094520   0.044018     0.035647     0.010856     0.166312   0.833661
  22   22     4     16   0.413508     0.068800     0.094520   0.044018     0.035647     0.010856     0.166312   0.833661
  22   22     4     16   0.413508     0.068800     0.094520   0.044018     0.035647     0.010856     0.166312   0.833661
  22   22     4     16   0.413508     0.068800     0.094520   0.044018     0.035647     0.010856     0.166312   0.833661
  22   22     4     16   0.413508     0.068800     0.094520   0.044018     0.035647     0.010856     0.166312   0.833661
  16   16     8     16   0.276175     0.050921     0.058621   0.025868     0.025619     0.005087     0.270192   0.712484
  16   16     8     16   0.276175     0.050921     0.058621   0.025868     0.025619     0.005087     0.270192   0.712484
  16   16     8     16   0.276175     0.050921     0.058621   0.025868     0.025619     0.005087     0.270192   0.712484
  16   16     8     16   0.276175     0.050921     0.058621   0.025868     0.025619     0.005087     0.270192   0.712484
  16   16     8     16   0.276175     0.050921     0.058621   0.025868     0.025619     0.005087     0.270192   0.712484
  13   13    12     16   0.233281     0.065728     0.059457   0.032951     0.034267     0.009764     0.148866   0.584314
  13   13    12     16   0.233281     0.065728     0.059457   0.032951     0.034267     0.009764     0.148866   0.584314
  13   13    12     16   0.233281     0.065728     0.059457   0.032951     0.034267     0.009764     0.148866   0.584314
  13   13    12     16   0.233281     0.065728     0.059457   0.032951     0.034267     0.009764     0.148866   0.584314
  13   13    12     16   0.233281     0.065728     0.059457   0.032951     0.034267     0.009764     0.148866   0.584314
  11   11    16     16   0.256336     0.093372     0.055550   0.035216     0.040051     0.007734     0.085093   0.573352
  11   11    16     16   0.256336     0.093372     0.055550   0.035216     0.040051     0.007734     0.085093   0.573352
  11   11    16     16   0.256336     0.093372     0.055550   0.035216     0.040051     0.007734     0.085093   0.573352
  11   11    16     16   0.256336     0.093372     0.055550   0.035216     0.040051     0.007734     0.085093   0.573352
  11   11    16     16   0.256336     0.093372     0.055550   0.035216     0.040051     0.007734     0.085093   0.573352
