 181  181     1      1  11.862144     0.000000     1.174390   0.131053     0.000000     0.021707     0.072064  13.261358
 181  181     1      1  11.862144     0.000000     1.174390   0.131053     0.000000     0.021707     0.072064  13.261358
 181  181     1      1  11.862144     0.000000     1.174390   0.131053     0.000000     0.021707     0.072064  13.261358
 181  181     1      1  11.862144     0.000000     1.174390   0.131053     0.000000     0.021707     0.072064  13.261358
 181  181     1      1  11.862144     0.000000     1.174390   0.131053     0.000000     0.021707     0.072064  13.261358
 128  128     2      1   7.222847     0.030130     0.856714   0.124701     0.067321     0.020505     0.665076   8.987294
 128  128     2      1   7.222847     0.030130     0.856714   0.124701     0.067321     0.020505     0.665076   8.987294
 128  128     2      1   7.222847     0.030130     0.856714   0.124701     0.067321     0.020505     0.665076   8.987294
 128  128     2      1   7.222847     0.030130     0.856714   0.124701     0.067321     0.020505     0.665076   8.987294
 128  128     2      1   7.222847     0.030130     0.856714   0.124701     0.067321     0.020505     0.665076   8.987294
  90   90     4      1   4.375033     0.070204     0.628406   0.121261     0.089221     0.024238     0.874379   6.182742
  90   90     4      1   4.375033     0.070204     0.628406   0.121261     0.089221     0.024238     0.874379   6.182742
  90   90     4      1   4.375033     0.070204     0.628406   0.121261     0.089221     0.024238     0.874379   6.182742
  90   90     4      1   4.375033     0.070204     0.628406   0.121261     0.089221     0.024238     0.874379   6.182742
  90   90     4      1   4.375033     0.070204     0.628406   0.121261     0.089221     0.024238     0.874379   6.182742
  64   64     8      1   3.642121     0.040410     0.444609   0.107869     0.075285     0.021613     0.872086   5.203993
  64   64     8      1   3.642121     0.040410     0.444609   0.107869     0.075285     0.021613     0.872086   5.203993
  64   64     8      1   3.642121     0.040410     0.444609   0.107869     0.075285     0.021613     0.872086   5.203993
  64   64     8      1   3.642121     0.040410     0.444609   0.107869     0.075285     0.021613     0.872086   5.203993
  64   64     8      1   3.642121     0.040410     0.444609   0.107869     0.075285     0.021613     0.872086   5.203993
  52   52    12      1   2.596249     0.038895     0.362669   0.098533     0.091786     0.013158     0.601238   3.802528
  52   52    12      1   2.596249     0.038895     0.362669   0.098533     0.091786     0.013158     0.601238   3.802528
  52   52    12      1   2.596249     0.038895     0.362669   0.098533     0.091786     0.013158     0.601238   3.802528
  52   52    12      1   2.596249     0.038895     0.362669   0.098533     0.091786     0.013158     0.601238   3.802528
  52   52    12      1   2.596249     0.038895     0.362669   0.098533     0.091786     0.013158     0.601238   3.802528
  45   45    16      1   2.648070     0.053884     0.324057   0.102735     0.091469     0.013005     0.686598   3.919818
  45   45    16      1   2.648070     0.053884     0.324057   0.102735     0.091469     0.013005     0.686598   3.919818
  45   45    16      1   2.648070     0.053884     0.324057   0.102735     0.091469     0.013005     0.686598   3.919818
  45   45    16      1   2.648070     0.053884     0.324057   0.102735     0.091469     0.013005     0.686598   3.919818
  45   45    16      1   2.648070     0.053884     0.324057   0.102735     0.091469     0.013005     0.686598   3.919818
 128  128     1      2   9.835097     0.000000     0.907636   0.136507     0.000000     0.023286     0.102666  11.005192
 128  128     1      2   9.835097     0.000000     0.907636   0.136507     0.000000     0.023286     0.102666  11.005192
 128  128     1      2   9.835097     0.000000     0.907636   0.136507     0.000000     0.023286     0.102666  11.005192
 128  128     1      2   9.835097     0.000000     0.907636   0.136507     0.000000     0.023286     0.102666  11.005192
 128  128     1      2   9.835097     0.000000     0.907636   0.136507     0.000000     0.023286     0.102666  11.005192
  90   90     2      2   4.882875     0.058138     0.654451   0.124206     0.071360     0.021466     0.427103   6.239600
  90   90     2      2   4.882875     0.058138     0.654451   0.124206     0.071360     0.021466     0.427103   6.239600
  90   90     2      2   4.882875     0.058138     0.654451   0.124206     0.071360     0.021466     0.427103   6.239600
  90   90     2      2   4.882875     0.058138     0.654451   0.124206     0.071360     0.021466     0.427103   6.239600
  90   90     2      2   4.882875     0.058138     0.654451   0.124206     0.071360     0.021466     0.427103   6.239600
  64   64     4      2   3.258995     0.063319     0.491448   0.135307     0.083701     0.022762     0.427497   4.483029
  64   64     4      2   3.258995     0.063319     0.491448   0.135307     0.083701     0.022762     0.427497   4.483029
  64   64     4      2   3.258995     0.063319     0.491448   0.135307     0.083701     0.022762     0.427497   4.483029
  64   64     4      2   3.258995     0.063319     0.491448   0.135307     0.083701     0.022762     0.427497   4.483029
  64   64     4      2   3.258995     0.063319     0.491448   0.135307     0.083701     0.022762     0.427497   4.483029
  45   45     8      2   2.112154     0.095644     0.349995   0.112106     0.085287     0.019986     0.441825   3.216997
  45   45     8      2   2.112154     0.095644     0.349995   0.112106     0.085287     0.019986     0.441825   3.216997
  45   45     8      2   2.112154     0.095644     0.349995   0.112106     0.085287     0.019986     0.441825   3.216997
  45   45     8      2   2.112154     0.095644     0.349995   0.112106     0.085287     0.019986     0.441825   3.216997
  45   45     8      2   2.112154     0.095644     0.349995   0.112106     0.085287     0.019986     0.441825   3.216997
  36   36    12      2   2.042062     0.115921     0.305308   0.120430     0.105042     0.021628     0.329807   3.040198
  36   36    12      2   2.042062     0.115921     0.305308   0.120430     0.105042     0.021628     0.329807   3.040198
  36   36    12      2   2.042062     0.115921     0.305308   0.120430     0.105042     0.021628     0.329807   3.040198
  36   36    12      2   2.042062     0.115921     0.305308   0.120430     0.105042     0.021628     0.329807   3.040198
  36   36    12      2   2.042062     0.115921     0.305308   0.120430     0.105042     0.021628     0.329807   3.040198
  32   32    16      2   1.705901     0.100449     0.256117   0.092491     0.082940     0.013987     0.404436   2.656321
  32   32    16      2   1.705901     0.100449     0.256117   0.092491     0.082940     0.013987     0.404436   2.656321
  32   32    16      2   1.705901     0.100449     0.256117   0.092491     0.082940     0.013987     0.404436   2.656321
  32   32    16      2   1.705901     0.100449     0.256117   0.092491     0.082940     0.013987     0.404436   2.656321
  32   32    16      2   1.705901     0.100449     0.256117   0.092491     0.082940     0.013987     0.404436   2.656321
  90   90     1      4   7.874117     0.000000     0.748292   0.130917     0.000000     0.021742     0.109061   8.884130
  90   90     1      4   7.874117     0.000000     0.748292   0.130917     0.000000     0.021742     0.109061   8.884130
  90   90     1      4   7.874117     0.000000     0.748292   0.130917     0.000000     0.021742     0.109061   8.884130
  90   90     1      4   7.874117     0.000000     0.748292   0.130917     0.000000     0.021742     0.109061   8.884130
  90   90     1      4   7.874117     0.000000     0.748292   0.130917     0.000000     0.021742     0.109061   8.884130
  64   64     2      4   3.944780     0.131053     0.560965   0.163957     0.085670     0.025633     0.535717   5.447775
  64   64     2      4   3.944780     0.131053     0.560965   0.163957     0.085670     0.025633     0.535717   5.447775
  64   64     2      4   3.944780     0.131053     0.560965   0.163957     0.085670     0.025633     0.535717   5.447775
  64   64     2      4   3.944780     0.131053     0.560965   0.163957     0.085670     0.025633     0.535717   5.447775
  64   64     2      4   3.944780     0.131053     0.560965   0.163957     0.085670     0.025633     0.535717   5.447775
  45   45     4      4   2.593698     0.146534     0.400214   0.122830     0.074575     0.019248     0.536726   3.893824
  45   45     4      4   2.593698     0.146534     0.400214   0.122830     0.074575     0.019248     0.536726   3.893824
  45   45     4      4   2.593698     0.146534     0.400214   0.122830     0.074575     0.019248     0.536726   3.893824
  45   45     4      4   2.593698     0.146534     0.400214   0.122830     0.074575     0.019248     0.536726   3.893824
  45   45     4      4   2.593698     0.146534     0.400214   0.122830     0.074575     0.019248     0.536726   3.893824
  32   32     8      4   1.610164     0.143916     0.278373   0.103311     0.090817     0.016001     0.460800   2.703383
  32   32     8      4   1.610164     0.143916     0.278373   0.103311     0.090817     0.016001     0.460800   2.703383
  32   32     8      4   1.610164     0.143916     0.278373   0.103311     0.090817     0.016001     0.460800   2.703383
  32   32     8      4   1.610164     0.143916     0.278373   0.103311     0.090817     0.016001     0.460800   2.703383
  32   32     8      4   1.610164     0.143916     0.278373   0.103311     0.090817     0.016001     0.460800   2.703383
  26   26    12      4   1.302124     0.186637     0.241025   0.096940     0.089734     0.021877     0.446917   2.385254
  26   26    12      4   1.302124     0.186637     0.241025   0.096940     0.089734     0.021877     0.446917   2.385254
  26   26    12      4   1.302124     0.186637     0.241025   0.096940     0.089734     0.021877     0.446917   2.385254
  26   26    12      4   1.302124     0.186637     0.241025   0.096940     0.089734     0.021877     0.446917   2.385254
  26   26    12      4   1.302124     0.186637     0.241025   0.096940     0.089734     0.021877     0.446917   2.385254
  22   22    16      4   1.315420     0.123960     0.202322   0.104701     0.105279     0.017623     0.404822   2.274128
  22   22    16      4   1.315420     0.123960     0.202322   0.104701     0.105279     0.017623     0.404822   2.274128
  22   22    16      4   1.315420     0.123960     0.202322   0.104701     0.105279     0.017623     0.404822   2.274128
  22   22    16      4   1.315420     0.123960     0.202322   0.104701     0.105279     0.017623     0.404822   2.274128
  22   22    16      4   1.315420     0.123960     0.202322   0.104701     0.105279     0.017623     0.404822   2.274128
  64   64     1      8   7.040016     0.000000     0.620560   0.124501     0.000000     0.022943     0.100547   7.908567
  64   64     1      8   7.040016     0.000000     0.620560   0.124501     0.000000     0.022943     0.100547   7.908567
  64   64     1      8   7.040016     0.000000     0.620560   0.124501     0.000000     0.022943     0.100547   7.908567
  64   64     1      8   7.040016     0.000000     0.620560   0.124501     0.000000     0.022943     0.100547   7.908567
  64   64     1      8   7.040016     0.000000     0.620560   0.124501     0.000000     0.022943     0.100547   7.908567
  45   45     2      8   3.868342     0.212863     0.459228   0.130537     0.080772     0.023319     0.202698   4.977759
  45   45     2      8   3.868342     0.212863     0.459228   0.130537     0.080772     0.023319     0.202698   4.977759
  45   45     2      8   3.868342     0.212863     0.459228   0.130537     0.080772     0.023319     0.202698   4.977759
  45   45     2      8   3.868342     0.212863     0.459228   0.130537     0.080772     0.023319     0.202698   4.977759
  45   45     2      8   3.868342     0.212863     0.459228   0.130537     0.080772     0.023319     0.202698   4.977759
  32   32     4      8   2.086685     0.217139     0.336359   0.116977     0.078137     0.021450     0.606594   3.463341
  32   32     4      8   2.086685     0.217139     0.336359   0.116977     0.078137     0.021450     0.606594   3.463341
  32   32     4      8   2.086685     0.217139     0.336359   0.116977     0.078137     0.021450     0.606594   3.463341
  32   32     4      8   2.086685     0.217139     0.336359   0.116977     0.078137     0.021450     0.606594   3.463341
  32   32     4      8   2.086685     0.217139     0.336359   0.116977     0.078137     0.021450     0.606594   3.463341
  22   22     8      8   1.336449     0.221023     0.281650   0.136349     0.083948     0.018856     0.362605   2.440880
  22   22     8      8   1.336449     0.221023     0.281650   0.136349     0.083948     0.018856     0.362605   2.440880
  22   22     8      8   1.336449     0.221023     0.281650   0.136349     0.083948     0.018856     0.362605   2.440880
  22   22     8      8   1.336449     0.221023     0.281650   0.136349     0.083948     0.018856     0.362605   2.440880
  22   22     8      8   1.336449     0.221023     0.281650   0.136349     0.083948     0.018856     0.362605   2.440880
  18   18    12      8   1.125241     0.228036     0.196523   0.092205     0.096920     0.023578     0.420686   2.183188
  18   18    12      8   1.125241     0.228036     0.196523   0.092205     0.096920     0.023578     0.420686   2.183188
  18   18    12      8   1.125241     0.228036     0.196523   0.092205     0.096920     0.023578     0.420686   2.183188
  18   18    12      8   1.125241     0.228036     0.196523   0.092205     0.096920     0.023578     0.420686   2.183188
  18   18    12      8   1.125241     0.228036     0.196523   0.092205     0.096920     0.023578     0.420686   2.183188
  16   16    16      8   1.013626     0.212556     0.185445   0.091976     0.110108     0.022613     0.436066   2.072389
  16   16    16      8   1.013626     0.212556     0.185445   0.091976     0.110108     0.022613     0.436066   2.072389
  16   16    16      8   1.013626     0.212556     0.185445   0.091976     0.110108     0.022613     0.436066   2.072389
  16   16    16      8   1.013626     0.212556     0.185445   0.091976     0.110108     0.022613     0.436066   2.072389
  16   16    16      8   1.013626     0.212556     0.185445   0.091976     0.110108     0.022613     0.436066   2.072389
  45   45     1     16   5.346541     0.000000     0.649305   0.171375     0.000000     0.043916     0.121436   6.332573
  45   45     1     16   5.346541     0.000000     0.649305   0.171375     0.000000     0.043916     0.121436   6.332573
  45   45     1     16   5.346541     0.000000     0.649305   0.171375     0.000000     0.043916     0.121436   6.332573
  45   45     1     16   5.346541     0.000000     0.649305   0.171375     0.000000     0.043916     0.121436   6.332573
  45   45     1     16   5.346541     0.000000     0.649305   0.171375     0.000000     0.043916     0.121436   6.332573
  32   32     2     16   2.686951     0.311584     0.448889   0.138576     0.110265     0.029403     0.398883   4.124552
  32   32     2     16   2.686951     0.311584     0.448889   0.138576     0.110265     0.029403     0.398883   4.124552
  32   32     2     16   2.686951     0.311584     0.448889   0.138576     0.110265     0.029403     0.398883   4.124552
  32   32     2     16   2.686951     0.311584     0.448889   0.138576     0.110265     0.029403     0.398883   4.124552
  32   32     2     16   2.686951     0.311584     0.448889   0.138576     0.110265     0.029403     0.398883   4.124552
  22   22     4     16   1.669784     0.300092     0.356942   0.138259     0.148418     0.042755     0.399696   3.055946
  22   22     4     16   1.669784     0.300092     0.356942   0.138259     0.148418     0.042755     0.399696   3.055946
  22   22     4     16   1.669784     0.300092     0.356942   0.138259     0.148418     0.042755     0.399696   3.055946
  22   22     4     16   1.669784     0.300092     0.356942   0.138259     0.148418     0.042755     0.399696   3.055946
  22   22     4     16   1.669784     0.300092     0.356942   0.138259     0.148418     0.042755     0.399696   3.055946
  16   16     8     16   0.994343     0.440720     0.273803   0.150202     0.161196     0.045555     0.626438   2.692257
  16   16     8     16   0.994343     0.440720     0.273803   0.150202     0.161196     0.045555     0.626438   2.692257
  16   16     8     16   0.994343     0.440720     0.273803   0.150202     0.161196     0.045555     0.626438   2.692257
  16   16     8     16   0.994343     0.440720     0.273803   0.150202     0.161196     0.045555     0.626438   2.692257
  16   16     8     16   0.994343     0.440720     0.273803   0.150202     0.161196     0.045555     0.626438   2.692257
  13   13    12     16   1.151517     0.272536     0.268466   0.148865     0.158279     0.041876     0.164939   2.206479
  13   13    12     16   1.151517     0.272536     0.268466   0.148865     0.158279     0.041876     0.164939   2.206479
  13   13    12     16   1.151517     0.272536     0.268466   0.148865     0.158279     0.041876     0.164939   2.206479
  13   13    12     16   1.151517     0.272536     0.268466   0.148865     0.158279     0.041876     0.164939   2.206479
  13   13    12     16   1.151517     0.272536     0.268466   0.148865     0.158279     0.041876     0.164939   2.206479
  11   11    16     16   0.952651     0.504097     0.225907   0.132151     0.168702     0.046255     0.312912   2.342675
  11   11    16     16   0.952651     0.504097     0.225907   0.132151     0.168702     0.046255     0.312912   2.342675
  11   11    16     16   0.952651     0.504097     0.225907   0.132151     0.168702     0.046255     0.312912   2.342675
  11   11    16     16   0.952651     0.504097     0.225907   0.132151     0.168702     0.046255     0.312912   2.342675
  11   11    16     16   0.952651     0.504097     0.225907   0.132151     0.168702     0.046255     0.312912   2.342675
