  64   64     1      1   3.854467     0.000000     0.888860   0.223580     0.000000     0.037524     0.071037   5.075468
  64   64     1      1   3.854467     0.000000     0.888860   0.223580     0.000000     0.037524     0.071037   5.075468
  64   64     1      1   3.854467     0.000000     0.888860   0.223580     0.000000     0.037524     0.071037   5.075468
  64   64     1      1   3.854467     0.000000     0.888860   0.223580     0.000000     0.037524     0.071037   5.075468
  64   64     1      1   3.854467     0.000000     0.888860   0.223580     0.000000     0.037524     0.071037   5.075468
  45   45     2      1   1.653224     0.063261     0.672825   0.219111     0.128084     0.025508     0.372471   3.134483
  45   45     2      1   1.653224     0.063261     0.672825   0.219111     0.128084     0.025508     0.372471   3.134483
  45   45     2      1   1.653224     0.063261     0.672825   0.219111     0.128084     0.025508     0.372471   3.134483
  45   45     2      1   1.653224     0.063261     0.672825   0.219111     0.128084     0.025508     0.372471   3.134483
  45   45     2      1   1.653224     0.063261     0.672825   0.219111     0.128084     0.025508     0.372471   3.134483
  32   32     4      1   1.051512     0.069134     0.499990   0.213292     0.154158     0.036486     0.185738   2.210310
  32   32     4      1   1.051512     0.069134     0.499990   0.213292     0.154158     0.036486     0.185738   2.210310
  32   32     4      1   1.051512     0.069134     0.499990   0.213292     0.154158     0.036486     0.185738   2.210310
  32   32     4      1   1.051512     0.069134     0.499990   0.213292     0.154158     0.036486     0.185738   2.210310
  32   32     4      1   1.051512     0.069134     0.499990   0.213292     0.154158     0.036486     0.185738   2.210310
  22   22     8      1   0.623801     0.095450     0.368067   0.192674     0.167073     0.037923     0.428348   1.913336
  22   22     8      1   0.623801     0.095450     0.368067   0.192674     0.167073     0.037923     0.428348   1.913336
  22   22     8      1   0.623801     0.095450     0.368067   0.192674     0.167073     0.037923     0.428348   1.913336
  22   22     8      1   0.623801     0.095450     0.368067   0.192674     0.167073     0.037923     0.428348   1.913336
  22   22     8      1   0.623801     0.095450     0.368067   0.192674     0.167073     0.037923     0.428348   1.913336
  18   18    12      1   0.540553     0.102410     0.321641   0.190010     0.165552     0.021326     0.363138   1.704631
  18   18    12      1   0.540553     0.102410     0.321641   0.190010     0.165552     0.021326     0.363138   1.704631
  18   18    12      1   0.540553     0.102410     0.321641   0.190010     0.165552     0.021326     0.363138   1.704631
  18   18    12      1   0.540553     0.102410     0.321641   0.190010     0.165552     0.021326     0.363138   1.704631
  18   18    12      1   0.540553     0.102410     0.321641   0.190010     0.165552     0.021326     0.363138   1.704631
  16   16    16      1   0.434026     0.073080     0.345724   0.305360     0.173547     0.019766     0.217604   1.569108
  16   16    16      1   0.434026     0.073080     0.345724   0.305360     0.173547     0.019766     0.217604   1.569108
  16   16    16      1   0.434026     0.073080     0.345724   0.305360     0.173547     0.019766     0.217604   1.569108
  16   16    16      1   0.434026     0.073080     0.345724   0.305360     0.173547     0.019766     0.217604   1.569108
  16   16    16      1   0.434026     0.073080     0.345724   0.305360     0.173547     0.019766     0.217604   1.569108
  45   45     1      2   2.902851     0.000000     0.696224   0.213720     0.000000     0.040076     0.100820   3.953691
  45   45     1      2   2.902851     0.000000     0.696224   0.213720     0.000000     0.040076     0.100820   3.953691
  45   45     1      2   2.902851     0.000000     0.696224   0.213720     0.000000     0.040076     0.100820   3.953691
  45   45     1      2   2.902851     0.000000     0.696224   0.213720     0.000000     0.040076     0.100820   3.953691
  45   45     1      2   2.902851     0.000000     0.696224   0.213720     0.000000     0.040076     0.100820   3.953691
  32   32     2      2   1.596987     0.169731     0.567364   0.305311     0.181215     0.046966     0.324179   3.191753
  32   32     2      2   1.596987     0.169731     0.567364   0.305311     0.181215     0.046966     0.324179   3.191753
  32   32     2      2   1.596987     0.169731     0.567364   0.305311     0.181215     0.046966     0.324179   3.191753
  32   32     2      2   1.596987     0.169731     0.567364   0.305311     0.181215     0.046966     0.324179   3.191753
  32   32     2      2   1.596987     0.169731     0.567364   0.305311     0.181215     0.046966     0.324179   3.191753
  22   22     4      2   0.853013     0.130502     0.406565   0.225839     0.175015     0.042685     0.245909   2.079528
  22   22     4      2   0.853013     0.130502     0.406565   0.225839     0.175015     0.042685     0.245909   2.079528
  22   22     4      2   0.853013     0.130502     0.406565   0.225839     0.175015     0.042685     0.245909   2.079528
  22   22     4      2   0.853013     0.130502     0.406565   0.225839     0.175015     0.042685     0.245909   2.079528
  22   22     4      2   0.853013     0.130502     0.406565   0.225839     0.175015     0.042685     0.245909   2.079528
  16   16     8      2   0.443738     0.168117     0.301504   0.153472     0.146945     0.034545     0.272742   1.521063
  16   16     8      2   0.443738     0.168117     0.301504   0.153472     0.146945     0.034545     0.272742   1.521063
  16   16     8      2   0.443738     0.168117     0.301504   0.153472     0.146945     0.034545     0.272742   1.521063
  16   16     8      2   0.443738     0.168117     0.301504   0.153472     0.146945     0.034545     0.272742   1.521063
  16   16     8      2   0.443738     0.168117     0.301504   0.153472     0.146945     0.034545     0.272742   1.521063
  13   13    12      2   0.445860     0.366180     0.248040   0.169999     0.164727     0.026285     0.385845   1.806936
  13   13    12      2   0.445860     0.366180     0.248040   0.169999     0.164727     0.026285     0.385845   1.806936
  13   13    12      2   0.445860     0.366180     0.248040   0.169999     0.164727     0.026285     0.385845   1.806936
  13   13    12      2   0.445860     0.366180     0.248040   0.169999     0.164727     0.026285     0.385845   1.806936
  13   13    12      2   0.445860     0.366180     0.248040   0.169999     0.164727     0.026285     0.385845   1.806936
  11   11    16      2   0.367730     0.235473     0.223906   0.162273     0.169074     0.030898     0.300029   1.489383
  11   11    16      2   0.367730     0.235473     0.223906   0.162273     0.169074     0.030898     0.300029   1.489383
  11   11    16      2   0.367730     0.235473     0.223906   0.162273     0.169074     0.030898     0.300029   1.489383
  11   11    16      2   0.367730     0.235473     0.223906   0.162273     0.169074     0.030898     0.300029   1.489383
  11   11    16      2   0.367730     0.235473     0.223906   0.162273     0.169074     0.030898     0.300029   1.489383
  32   32     1      4   2.364035     0.000000     0.561831   0.217452     0.000000     0.037701     0.051888   3.232907
  32   32     1      4   2.364035     0.000000     0.561831   0.217452     0.000000     0.037701     0.051888   3.232907
  32   32     1      4   2.364035     0.000000     0.561831   0.217452     0.000000     0.037701     0.051888   3.232907
  32   32     1      4   2.364035     0.000000     0.561831   0.217452     0.000000     0.037701     0.051888   3.232907
  32   32     1      4   2.364035     0.000000     0.561831   0.217452     0.000000     0.037701     0.051888   3.232907
  22   22     2      4   1.360668     0.212866     0.424225   0.212558     0.151930     0.038201     0.216968   2.617416
  22   22     2      4   1.360668     0.212866     0.424225   0.212558     0.151930     0.038201     0.216968   2.617416
  22   22     2      4   1.360668     0.212866     0.424225   0.212558     0.151930     0.038201     0.216968   2.617416
  22   22     2      4   1.360668     0.212866     0.424225   0.212558     0.151930     0.038201     0.216968   2.617416
  22   22     2      4   1.360668     0.212866     0.424225   0.212558     0.151930     0.038201     0.216968   2.617416
  16   16     4      4   0.597170     0.246360     0.332672   0.167107     0.132916     0.028773     0.344661   1.849659
  16   16     4      4   0.597170     0.246360     0.332672   0.167107     0.132916     0.028773     0.344661   1.849659
  16   16     4      4   0.597170     0.246360     0.332672   0.167107     0.132916     0.028773     0.344661   1.849659
  16   16     4      4   0.597170     0.246360     0.332672   0.167107     0.132916     0.028773     0.344661   1.849659
  16   16     4      4   0.597170     0.246360     0.332672   0.167107     0.132916     0.028773     0.344661   1.849659
  11   11     8      4   0.574872     0.312951     0.260454   0.164951     0.182841     0.037918     0.134614   1.668601
  11   11     8      4   0.574872     0.312951     0.260454   0.164951     0.182841     0.037918     0.134614   1.668601
  11   11     8      4   0.574872     0.312951     0.260454   0.164951     0.182841     0.037918     0.134614   1.668601
  11   11     8      4   0.574872     0.312951     0.260454   0.164951     0.182841     0.037918     0.134614   1.668601
  11   11     8      4   0.574872     0.312951     0.260454   0.164951     0.182841     0.037918     0.134614   1.668601
   9    9    12      4   0.554219     0.375587     0.213228   0.167249     0.174889     0.025336     0.169791   1.680299
   9    9    12      4   0.554219     0.375587     0.213228   0.167249     0.174889     0.025336     0.169791   1.680299
   9    9    12      4   0.554219     0.375587     0.213228   0.167249     0.174889     0.025336     0.169791   1.680299
   9    9    12      4   0.554219     0.375587     0.213228   0.167249     0.174889     0.025336     0.169791   1.680299
   9    9    12      4   0.554219     0.375587     0.213228   0.167249     0.174889     0.025336     0.169791   1.680299
   8    8    16      4   0.426343     0.335513     0.191338   0.146056     0.191040     0.036527     0.204611   1.531428
   8    8    16      4   0.426343     0.335513     0.191338   0.146056     0.191040     0.036527     0.204611   1.531428
   8    8    16      4   0.426343     0.335513     0.191338   0.146056     0.191040     0.036527     0.204611   1.531428
   8    8    16      4   0.426343     0.335513     0.191338   0.146056     0.191040     0.036527     0.204611   1.531428
   8    8    16      4   0.426343     0.335513     0.191338   0.146056     0.191040     0.036527     0.204611   1.531428
  22   22     1      8   2.246323     0.000000     0.514223   0.204256     0.000000     0.044450     0.147568   3.156820
  22   22     1      8   2.246323     0.000000     0.514223   0.204256     0.000000     0.044450     0.147568   3.156820
  22   22     1      8   2.246323     0.000000     0.514223   0.204256     0.000000     0.044450     0.147568   3.156820
  22   22     1      8   2.246323     0.000000     0.514223   0.204256     0.000000     0.044450     0.147568   3.156820
  22   22     1      8   2.246323     0.000000     0.514223   0.204256     0.000000     0.044450     0.147568   3.156820
  16   16     2      8   0.938476     0.401704     0.410726   0.233616     0.151075     0.041957     0.293487   2.471041
  16   16     2      8   0.938476     0.401704     0.410726   0.233616     0.151075     0.041957     0.293487   2.471041
  16   16     2      8   0.938476     0.401704     0.410726   0.233616     0.151075     0.041957     0.293487   2.471041
  16   16     2      8   0.938476     0.401704     0.410726   0.233616     0.151075     0.041957     0.293487   2.471041
  16   16     2      8   0.938476     0.401704     0.410726   0.233616     0.151075     0.041957     0.293487   2.471041
  11   11     4      8   0.482310     0.897654     0.326844   0.185109     0.230239     0.056643     0.495742   2.674541
  11   11     4      8   0.482310     0.897654     0.326844   0.185109     0.230239     0.056643     0.495742   2.674541
  11   11     4      8   0.482310     0.897654     0.326844   0.185109     0.230239     0.056643     0.495742   2.674541
  11   11     4      8   0.482310     0.897654     0.326844   0.185109     0.230239     0.056643     0.495742   2.674541
  11   11     4      8   0.482310     0.897654     0.326844   0.185109     0.230239     0.056643     0.495742   2.674541
   8    8     8      8   0.475062     0.456686     0.253559   0.205572     0.210998     0.046043     0.235333   1.883252
   8    8     8      8   0.475062     0.456686     0.253559   0.205572     0.210998     0.046043     0.235333   1.883252
   8    8     8      8   0.475062     0.456686     0.253559   0.205572     0.210998     0.046043     0.235333   1.883252
   8    8     8      8   0.475062     0.456686     0.253559   0.205572     0.210998     0.046043     0.235333   1.883252
   8    8     8      8   0.475062     0.456686     0.253559   0.205572     0.210998     0.046043     0.235333   1.883252
   6    6    12      8   0.371115     0.551764     0.290995   0.227626     0.245653     0.052655     0.416811   2.156618
   6    6    12      8   0.371115     0.551764     0.290995   0.227626     0.245653     0.052655     0.416811   2.156618
   6    6    12      8   0.371115     0.551764     0.290995   0.227626     0.245653     0.052655     0.416811   2.156618
   6    6    12      8   0.371115     0.551764     0.290995   0.227626     0.245653     0.052655     0.416811   2.156618
   6    6    12      8   0.371115     0.551764     0.290995   0.227626     0.245653     0.052655     0.416811   2.156618
   5    5    16      8   0.350690     1.893450     0.240476   0.201188     0.318289     0.067136     1.465216   4.536445
   5    5    16      8   0.350690     1.893450     0.240476   0.201188     0.318289     0.067136     1.465216   4.536445
   5    5    16      8   0.350690     1.893450     0.240476   0.201188     0.318289     0.067136     1.465216   4.536445
   5    5    16      8   0.350690     1.893450     0.240476   0.201188     0.318289     0.067136     1.465216   4.536445
   5    5    16      8   0.350690     1.893450     0.240476   0.201188     0.318289     0.067136     1.465216   4.536445
  16   16     1     16   1.798025     0.000000     0.555417   0.269336     0.000000     0.079052     0.134932   2.836761
  16   16     1     16   1.798025     0.000000     0.555417   0.269336     0.000000     0.079052     0.134932   2.836761
  16   16     1     16   1.798025     0.000000     0.555417   0.269336     0.000000     0.079052     0.134932   2.836761
  16   16     1     16   1.798025     0.000000     0.555417   0.269336     0.000000     0.079052     0.134932   2.836761
  16   16     1     16   1.798025     0.000000     0.555417   0.269336     0.000000     0.079052     0.134932   2.836761
  11   11     2     16   1.025355     0.564244     0.437939   0.292726     0.269308     0.077577     0.244116   2.911265
  11   11     2     16   1.025355     0.564244     0.437939   0.292726     0.269308     0.077577     0.244116   2.911265
  11   11     2     16   1.025355     0.564244     0.437939   0.292726     0.269308     0.077577     0.244116   2.911265
  11   11     2     16   1.025355     0.564244     0.437939   0.292726     0.269308     0.077577     0.244116   2.911265
  11   11     2     16   1.025355     0.564244     0.437939   0.292726     0.269308     0.077577     0.244116   2.911265
   8    8     4     16   0.636388     0.537574     0.396581   0.264540     0.234551     0.075547     0.405639   2.550820
   8    8     4     16   0.636388     0.537574     0.396581   0.264540     0.234551     0.075547     0.405639   2.550820
   8    8     4     16   0.636388     0.537574     0.396581   0.264540     0.234551     0.075547     0.405639   2.550820
   8    8     4     16   0.636388     0.537574     0.396581   0.264540     0.234551     0.075547     0.405639   2.550820
   8    8     4     16   0.636388     0.537574     0.396581   0.264540     0.234551     0.075547     0.405639   2.550820
   5    5     8     16   0.543511     0.712547     0.378779   0.306672     0.335823     0.095466     0.477625   2.850422
   5    5     8     16   0.543511     0.712547     0.378779   0.306672     0.335823     0.095466     0.477625   2.850422
   5    5     8     16   0.543511     0.712547     0.378779   0.306672     0.335823     0.095466     0.477625   2.850422
   5    5     8     16   0.543511     0.712547     0.378779   0.306672     0.335823     0.095466     0.477625   2.850422
   5    5     8     16   0.543511     0.712547     0.378779   0.306672     0.335823     0.095466     0.477625   2.850422
   4    4    12     16   0.348076     1.107068     0.335889   0.342054     0.378754     0.100694     0.410601   3.023136
   4    4    12     16   0.348076     1.107068     0.335889   0.342054     0.378754     0.100694     0.410601   3.023136
   4    4    12     16   0.348076     1.107068     0.335889   0.342054     0.378754     0.100694     0.410601   3.023136
   4    4    12     16   0.348076     1.107068     0.335889   0.342054     0.378754     0.100694     0.410601   3.023136
   4    4    12     16   0.348076     1.107068     0.335889   0.342054     0.378754     0.100694     0.410601   3.023136
   4    4    16     16   0.326294     1.090492     0.239196   0.200290     0.322389     0.084202     0.682521   2.945384
   4    4    16     16   0.326294     1.090492     0.239196   0.200290     0.322389     0.084202     0.682521   2.945384
   4    4    16     16   0.326294     1.090492     0.239196   0.200290     0.322389     0.084202     0.682521   2.945384
   4    4    16     16   0.326294     1.090492     0.239196   0.200290     0.322389     0.084202     0.682521   2.945384
   4    4    16     16   0.326294     1.090492     0.239196   0.200290     0.322389     0.084202     0.682521   2.945384
