  64   64     1      1  42.455714     0.000000     9.148617   1.925209     0.000000     0.357095     0.928710  54.815345
  64   64     1      1  42.455714     0.000000     9.148617   1.925209     0.000000     0.357095     0.928710  54.815345
  64   64     1      1  42.455714     0.000000     9.148617   1.925209     0.000000     0.357095     0.928710  54.815345
  64   64     1      1  42.455714     0.000000     9.148617   1.925209     0.000000     0.357095     0.928710  54.815345
  64   64     1      1  42.455714     0.000000     9.148617   1.925209     0.000000     0.357095     0.928710  54.815345
  45   45     2      1  21.355941     0.552698     6.680928   1.947182     1.249886     0.338421     1.990508  34.115563
  45   45     2      1  21.355941     0.552698     6.680928   1.947182     1.249886     0.338421     1.990508  34.115563
  45   45     2      1  21.355941     0.552698     6.680928   1.947182     1.249886     0.338421     1.990508  34.115563
  45   45     2      1  21.355941     0.552698     6.680928   1.947182     1.249886     0.338421     1.990508  34.115563
  45   45     2      1  21.355941     0.552698     6.680928   1.947182     1.249886     0.338421     1.990508  34.115563
  32   32     4      1  12.598186     0.684453     4.788239   1.667438     1.303914     0.343236     1.602773  22.988240
  32   32     4      1  12.598186     0.684453     4.788239   1.667438     1.303914     0.343236     1.602773  22.988240
  32   32     4      1  12.598186     0.684453     4.788239   1.667438     1.303914     0.343236     1.602773  22.988240
  32   32     4      1  12.598186     0.684453     4.788239   1.667438     1.303914     0.343236     1.602773  22.988240
  32   32     4      1  12.598186     0.684453     4.788239   1.667438     1.303914     0.343236     1.602773  22.988240
  22   22     8      1   8.443199     0.879131     3.488369   1.486194     1.488324     0.249457     3.449946  19.484619
  22   22     8      1   8.443199     0.879131     3.488369   1.486194     1.488324     0.249457     3.449946  19.484619
  22   22     8      1   8.443199     0.879131     3.488369   1.486194     1.488324     0.249457     3.449946  19.484619
  22   22     8      1   8.443199     0.879131     3.488369   1.486194     1.488324     0.249457     3.449946  19.484619
  22   22     8      1   8.443199     0.879131     3.488369   1.486194     1.488324     0.249457     3.449946  19.484619
  18   18    12      1   7.422694     0.759705     2.993234   1.593962     1.424486     0.282653     3.731282  18.208016
  18   18    12      1   7.422694     0.759705     2.993234   1.593962     1.424486     0.282653     3.731282  18.208016
  18   18    12      1   7.422694     0.759705     2.993234   1.593962     1.424486     0.282653     3.731282  18.208016
  18   18    12      1   7.422694     0.759705     2.993234   1.593962     1.424486     0.282653     3.731282  18.208016
  18   18    12      1   7.422694     0.759705     2.993234   1.593962     1.424486     0.282653     3.731282  18.208016
  16   16    16      1   4.396912     0.785774     2.620942   1.563887     1.418854     0.295655     2.664889  13.746913
  16   16    16      1   4.396912     0.785774     2.620942   1.563887     1.418854     0.295655     2.664889  13.746913
  16   16    16      1   4.396912     0.785774     2.620942   1.563887     1.418854     0.295655     2.664889  13.746913
  16   16    16      1   4.396912     0.785774     2.620942   1.563887     1.418854     0.295655     2.664889  13.746913
  16   16    16      1   4.396912     0.785774     2.620942   1.563887     1.418854     0.295655     2.664889  13.746913
  45   45     1      2  32.118037     0.000000     7.916033   1.781520     0.000000     0.331398     0.932902  43.079889
  45   45     1      2  32.118037     0.000000     7.916033   1.781520     0.000000     0.331398     0.932902  43.079889
  45   45     1      2  32.118037     0.000000     7.916033   1.781520     0.000000     0.331398     0.932902  43.079889
  45   45     1      2  32.118037     0.000000     7.916033   1.781520     0.000000     0.331398     0.932902  43.079889
  45   45     1      2  32.118037     0.000000     7.916033   1.781520     0.000000     0.331398     0.932902  43.079889
  32   32     2      2  14.351082     1.106526     5.820459   1.852746     1.089599     0.337657     2.292228  26.850297
  32   32     2      2  14.351082     1.106526     5.820459   1.852746     1.089599     0.337657     2.292228  26.850297
  32   32     2      2  14.351082     1.106526     5.820459   1.852746     1.089599     0.337657     2.292228  26.850297
  32   32     2      2  14.351082     1.106526     5.820459   1.852746     1.089599     0.337657     2.292228  26.850297
  32   32     2      2  14.351082     1.106526     5.820459   1.852746     1.089599     0.337657     2.292228  26.850297
  22   22     4      2   9.744096     1.257126     4.198867   1.586764     1.388008     0.359130     1.953180  20.487171
  22   22     4      2   9.744096     1.257126     4.198867   1.586764     1.388008     0.359130     1.953180  20.487171
  22   22     4      2   9.744096     1.257126     4.198867   1.586764     1.388008     0.359130     1.953180  20.487171
  22   22     4      2   9.744096     1.257126     4.198867   1.586764     1.388008     0.359130     1.953180  20.487171
  22   22     4      2   9.744096     1.257126     4.198867   1.586764     1.388008     0.359130     1.953180  20.487171
  16   16     8      2   5.541517     1.275645     3.091612   1.441863     1.481005     0.330167     2.157982  15.319791
  16   16     8      2   5.541517     1.275645     3.091612   1.441863     1.481005     0.330167     2.157982  15.319791
  16   16     8      2   5.541517     1.275645     3.091612   1.441863     1.481005     0.330167     2.157982  15.319791
  16   16     8      2   5.541517     1.275645     3.091612   1.441863     1.481005     0.330167     2.157982  15.319791
  16   16     8      2   5.541517     1.275645     3.091612   1.441863     1.481005     0.330167     2.157982  15.319791
  13   13    12      2   5.624517     1.656204     2.818439   1.651459     1.396695     0.318663     1.963480  15.429457
  13   13    12      2   5.624517     1.656204     2.818439   1.651459     1.396695     0.318663     1.963480  15.429457
  13   13    12      2   5.624517     1.656204     2.818439   1.651459     1.396695     0.318663     1.963480  15.429457
  13   13    12      2   5.624517     1.656204     2.818439   1.651459     1.396695     0.318663     1.963480  15.429457
  13   13    12      2   5.624517     1.656204     2.818439   1.651459     1.396695     0.318663     1.963480  15.429457
  11   11    16      2   5.194031     1.508404     2.622255   1.657330     1.634144     0.330061     2.305838  15.252063
  11   11    16      2   5.194031     1.508404     2.622255   1.657330     1.634144     0.330061     2.305838  15.252063
  11   11    16      2   5.194031     1.508404     2.622255   1.657330     1.634144     0.330061     2.305838  15.252063
  11   11    16      2   5.194031     1.508404     2.622255   1.657330     1.634144     0.330061     2.305838  15.252063
  11   11    16      2   5.194031     1.508404     2.622255   1.657330     1.634144     0.330061     2.305838  15.252063
  32   32     1      4  25.711205     0.000000     6.825500   1.855488     0.000000     0.337495     1.018398  35.748086
  32   32     1      4  25.711205     0.000000     6.825500   1.855488     0.000000     0.337495     1.018398  35.748086
  32   32     1      4  25.711205     0.000000     6.825500   1.855488     0.000000     0.337495     1.018398  35.748086
  32   32     1      4  25.711205     0.000000     6.825500   1.855488     0.000000     0.337495     1.018398  35.748086
  32   32     1      4  25.711205     0.000000     6.825500   1.855488     0.000000     0.337495     1.018398  35.748086
  22   22     2      4  12.096481     1.727142     4.602356   1.683041     1.243747     0.343892     1.789380  23.486038
  22   22     2      4  12.096481     1.727142     4.602356   1.683041     1.243747     0.343892     1.789380  23.486038
  22   22     2      4  12.096481     1.727142     4.602356   1.683041     1.243747     0.343892     1.789380  23.486038
  22   22     2      4  12.096481     1.727142     4.602356   1.683041     1.243747     0.343892     1.789380  23.486038
  22   22     2      4  12.096481     1.727142     4.602356   1.683041     1.243747     0.343892     1.789380  23.486038
  16   16     4      4   5.849759     2.440974     3.762831   1.533130     1.500287     0.366184     2.380425  17.833590
  16   16     4      4   5.849759     2.440974     3.762831   1.533130     1.500287     0.366184     2.380425  17.833590
  16   16     4      4   5.849759     2.440974     3.762831   1.533130     1.500287     0.366184     2.380425  17.833590
  16   16     4      4   5.849759     2.440974     3.762831   1.533130     1.500287     0.366184     2.380425  17.833590
  16   16     4      4   5.849759     2.440974     3.762831   1.533130     1.500287     0.366184     2.380425  17.833590
  11   11     8      4   4.952020     2.785293     3.006099   1.677530     1.645044     0.362737     2.760677  17.189400
  11   11     8      4   4.952020     2.785293     3.006099   1.677530     1.645044     0.362737     2.760677  17.189400
  11   11     8      4   4.952020     2.785293     3.006099   1.677530     1.645044     0.362737     2.760677  17.189400
  11   11     8      4   4.952020     2.785293     3.006099   1.677530     1.645044     0.362737     2.760677  17.189400
  11   11     8      4   4.952020     2.785293     3.006099   1.677530     1.645044     0.362737     2.760677  17.189400
   9    9    12      4   5.724990     2.863578     2.427776   1.561348     1.658603     0.323839     2.728018  17.288152
   9    9    12      4   5.724990     2.863578     2.427776   1.561348     1.658603     0.323839     2.728018  17.288152
   9    9    12      4   5.724990     2.863578     2.427776   1.561348     1.658603     0.323839     2.728018  17.288152
   9    9    12      4   5.724990     2.863578     2.427776   1.561348     1.658603     0.323839     2.728018  17.288152
   9    9    12      4   5.724990     2.863578     2.427776   1.561348     1.658603     0.323839     2.728018  17.288152
   8    8    16      4   2.975125     2.360296     1.997588   1.422297     1.378996     0.292908     2.966520  13.393730
   8    8    16      4   2.975125     2.360296     1.997588   1.422297     1.378996     0.292908     2.966520  13.393730
   8    8    16      4   2.975125     2.360296     1.997588   1.422297     1.378996     0.292908     2.966520  13.393730
   8    8    16      4   2.975125     2.360296     1.997588   1.422297     1.378996     0.292908     2.966520  13.393730
   8    8    16      4   2.975125     2.360296     1.997588   1.422297     1.378996     0.292908     2.966520  13.393730
  22   22     1      8  26.651205     0.000000     6.305246   1.899446     0.000000     0.375828     0.518305  35.750029
  22   22     1      8  26.651205     0.000000     6.305246   1.899446     0.000000     0.375828     0.518305  35.750029
  22   22     1      8  26.651205     0.000000     6.305246   1.899446     0.000000     0.375828     0.518305  35.750029
  22   22     1      8  26.651205     0.000000     6.305246   1.899446     0.000000     0.375828     0.518305  35.750029
  22   22     1      8  26.651205     0.000000     6.305246   1.899446     0.000000     0.375828     0.518305  35.750029
  16   16     2      8   8.980136     3.498142     4.522534   1.774676     1.324904     0.375096     3.384643  23.860132
  16   16     2      8   8.980136     3.498142     4.522534   1.774676     1.324904     0.375096     3.384643  23.860132
  16   16     2      8   8.980136     3.498142     4.522534   1.774676     1.324904     0.375096     3.384643  23.860132
  16   16     2      8   8.980136     3.498142     4.522534   1.774676     1.324904     0.375096     3.384643  23.860132
  16   16     2      8   8.980136     3.498142     4.522534   1.774676     1.324904     0.375096     3.384643  23.860132
  11   11     4      8  10.855967     4.061047     3.881004   2.022301     1.650282     0.386225     1.580673  24.437499
  11   11     4      8  10.855967     4.061047     3.881004   2.022301     1.650282     0.386225     1.580673  24.437499
  11   11     4      8  10.855967     4.061047     3.881004   2.022301     1.650282     0.386225     1.580673  24.437499
  11   11     4      8  10.855967     4.061047     3.881004   2.022301     1.650282     0.386225     1.580673  24.437499
  11   11     4      8  10.855967     4.061047     3.881004   2.022301     1.650282     0.386225     1.580673  24.437499
   8    8     8      8   3.289439     4.619443     2.606245   1.651765     1.715838     0.394442     4.054161  18.331333
   8    8     8      8   3.289439     4.619443     2.606245   1.651765     1.715838     0.394442     4.054161  18.331333
   8    8     8      8   3.289439     4.619443     2.606245   1.651765     1.715838     0.394442     4.054161  18.331333
   8    8     8      8   3.289439     4.619443     2.606245   1.651765     1.715838     0.394442     4.054161  18.331333
   8    8     8      8   3.289439     4.619443     2.606245   1.651765     1.715838     0.394442     4.054161  18.331333
   6    6    12      8   3.327788     4.166905     2.780369   1.787427     2.028216     0.411686     3.493526  17.995917
   6    6    12      8   3.327788     4.166905     2.780369   1.787427     2.028216     0.411686     3.493526  17.995917
   6    6    12      8   3.327788     4.166905     2.780369   1.787427     2.028216     0.411686     3.493526  17.995917
   6    6    12      8   3.327788     4.166905     2.780369   1.787427     2.028216     0.411686     3.493526  17.995917
   6    6    12      8   3.327788     4.166905     2.780369   1.787427     2.028216     0.411686     3.493526  17.995917
   5    5    16      8   4.526822     5.067002     2.813914   2.007962     2.435612     0.474428     2.338254  19.663995
   5    5    16      8   4.526822     5.067002     2.813914   2.007962     2.435612     0.474428     2.338254  19.663995
   5    5    16      8   4.526822     5.067002     2.813914   2.007962     2.435612     0.474428     2.338254  19.663995
   5    5    16      8   4.526822     5.067002     2.813914   2.007962     2.435612     0.474428     2.338254  19.663995
   5    5    16      8   4.526822     5.067002     2.813914   2.007962     2.435612     0.474428     2.338254  19.663995
  16   16     1     16  19.689519     0.000000     6.869066   2.632742     0.000000     0.666247     1.038967  30.896541
  16   16     1     16  19.689519     0.000000     6.869066   2.632742     0.000000     0.666247     1.038967  30.896541
  16   16     1     16  19.689519     0.000000     6.869066   2.632742     0.000000     0.666247     1.038967  30.896541
  16   16     1     16  19.689519     0.000000     6.869066   2.632742     0.000000     0.666247     1.038967  30.896541
  16   16     1     16  19.689519     0.000000     6.869066   2.632742     0.000000     0.666247     1.038967  30.896541
  11   11     2     16  13.574197     5.605599     5.650857   3.017059     2.467030     0.707417     1.682606  32.704765
  11   11     2     16  13.574197     5.605599     5.650857   3.017059     2.467030     0.707417     1.682606  32.704765
  11   11     2     16  13.574197     5.605599     5.650857   3.017059     2.467030     0.707417     1.682606  32.704765
  11   11     2     16  13.574197     5.605599     5.650857   3.017059     2.467030     0.707417     1.682606  32.704765
  11   11     2     16  13.574197     5.605599     5.650857   3.017059     2.467030     0.707417     1.682606  32.704765
   8    8     4     16   6.614665     4.551614     4.136728   2.483233     2.437790     0.645968     2.954977  23.824975
   8    8     4     16   6.614665     4.551614     4.136728   2.483233     2.437790     0.645968     2.954977  23.824975
   8    8     4     16   6.614665     4.551614     4.136728   2.483233     2.437790     0.645968     2.954977  23.824975
   8    8     4     16   6.614665     4.551614     4.136728   2.483233     2.437790     0.645968     2.954977  23.824975
   8    8     4     16   6.614665     4.551614     4.136728   2.483233     2.437790     0.645968     2.954977  23.824975
   5    5     8     16   6.872384     6.353476     4.081657   2.958907     3.211202     0.780373     1.598171  25.856170
   5    5     8     16   6.872384     6.353476     4.081657   2.958907     3.211202     0.780373     1.598171  25.856170
   5    5     8     16   6.872384     6.353476     4.081657   2.958907     3.211202     0.780373     1.598171  25.856170
   5    5     8     16   6.872384     6.353476     4.081657   2.958907     3.211202     0.780373     1.598171  25.856170
   5    5     8     16   6.872384     6.353476     4.081657   2.958907     3.211202     0.780373     1.598171  25.856170
   4    4    12     16   4.659506     6.841633     4.268048   3.433909     3.523710     0.865277     4.145440  27.737523
   4    4    12     16   4.659506     6.841633     4.268048   3.433909     3.523710     0.865277     4.145440  27.737523
   4    4    12     16   4.659506     6.841633     4.268048   3.433909     3.523710     0.865277     4.145440  27.737523
   4    4    12     16   4.659506     6.841633     4.268048   3.433909     3.523710     0.865277     4.145440  27.737523
   4    4    12     16   4.659506     6.841633     4.268048   3.433909     3.523710     0.865277     4.145440  27.737523
