 181  181     1      1   7.100944     0.000000     0.576755   0.065361     0.000000     0.009869     0.050874   7.803803
 181  181     1      1   7.100944     0.000000     0.576755   0.065361     0.000000     0.009869     0.050874   7.803803
 181  181     1      1   7.100944     0.000000     0.576755   0.065361     0.000000     0.009869     0.050874   7.803803
 181  181     1      1   7.100944     0.000000     0.576755   0.065361     0.000000     0.009869     0.050874   7.803803
 181  181     1      1   7.100944     0.000000     0.576755   0.065361     0.000000     0.009869     0.050874   7.803803
 128  128     2      1   3.800831     0.018584     0.411599   0.063891     0.035375     0.009866     0.820823   5.160969
 128  128     2      1   3.800831     0.018584     0.411599   0.063891     0.035375     0.009866     0.820823   5.160969
 128  128     2      1   3.800831     0.018584     0.411599   0.063891     0.035375     0.009866     0.820823   5.160969
 128  128     2      1   3.800831     0.018584     0.411599   0.063891     0.035375     0.009866     0.820823   5.160969
 128  128     2      1   3.800831     0.018584     0.411599   0.063891     0.035375     0.009866     0.820823   5.160969
  90   90     4      1   1.884194     0.023076     0.301696   0.059911     0.042178     0.010472     1.387949   3.709477
  90   90     4      1   1.884194     0.023076     0.301696   0.059911     0.042178     0.010472     1.387949   3.709477
  90   90     4      1   1.884194     0.023076     0.301696   0.059911     0.042178     0.010472     1.387949   3.709477
  90   90     4      1   1.884194     0.023076     0.301696   0.059911     0.042178     0.010472     1.387949   3.709477
  90   90     4      1   1.884194     0.023076     0.301696   0.059911     0.042178     0.010472     1.387949   3.709477
  64   64     8      1   1.898112     0.020237     0.215056   0.057268     0.043867     0.007435     0.644929   2.886904
  64   64     8      1   1.898112     0.020237     0.215056   0.057268     0.043867     0.007435     0.644929   2.886904
  64   64     8      1   1.898112     0.020237     0.215056   0.057268     0.043867     0.007435     0.644929   2.886904
  64   64     8      1   1.898112     0.020237     0.215056   0.057268     0.043867     0.007435     0.644929   2.886904
  64   64     8      1   1.898112     0.020237     0.215056   0.057268     0.043867     0.007435     0.644929   2.886904
  52   52    12      1   1.130088     0.037945     0.177248   0.041339     0.037583     0.005782     0.888385   2.318369
  52   52    12      1   1.130088     0.037945     0.177248   0.041339     0.037583     0.005782     0.888385   2.318369
  52   52    12      1   1.130088     0.037945     0.177248   0.041339     0.037583     0.005782     0.888385   2.318369
  52   52    12      1   1.130088     0.037945     0.177248   0.041339     0.037583     0.005782     0.888385   2.318369
  52   52    12      1   1.130088     0.037945     0.177248   0.041339     0.037583     0.005782     0.888385   2.318369
  45   45    16      1   0.811610     0.042200     0.152012   0.041487     0.046628     0.005856     0.873492   1.973285
  45   45    16      1   0.811610     0.042200     0.152012   0.041487     0.046628     0.005856     0.873492   1.973285
  45   45    16      1   0.811610     0.042200     0.152012   0.041487     0.046628     0.005856     0.873492   1.973285
  45   45    16      1   0.811610     0.042200     0.152012   0.041487     0.046628     0.005856     0.873492   1.973285
  45   45    16      1   0.811610     0.042200     0.152012   0.041487     0.046628     0.005856     0.873492   1.973285
 128  128     1      2   5.156943     0.000000     0.459157   0.064496     0.000000     0.010368     0.026129   5.717092
 128  128     1      2   5.156943     0.000000     0.459157   0.064496     0.000000     0.010368     0.026129   5.717092
 128  128     1      2   5.156943     0.000000     0.459157   0.064496     0.000000     0.010368     0.026129   5.717092
 128  128     1      2   5.156943     0.000000     0.459157   0.064496     0.000000     0.010368     0.026129   5.717092
 128  128     1      2   5.156943     0.000000     0.459157   0.064496     0.000000     0.010368     0.026129   5.717092
  90   90     2      2   2.450901     0.027536     0.317376   0.063374     0.032800     0.010940     0.526361   3.429287
  90   90     2      2   2.450901     0.027536     0.317376   0.063374     0.032800     0.010940     0.526361   3.429287
  90   90     2      2   2.450901     0.027536     0.317376   0.063374     0.032800     0.010940     0.526361   3.429287
  90   90     2      2   2.450901     0.027536     0.317376   0.063374     0.032800     0.010940     0.526361   3.429287
  90   90     2      2   2.450901     0.027536     0.317376   0.063374     0.032800     0.010940     0.526361   3.429287
  64   64     4      2   2.017499     0.038712     0.223000   0.061126     0.040555     0.010559     0.266563   2.658014
  64   64     4      2   2.017499     0.038712     0.223000   0.061126     0.040555     0.010559     0.266563   2.658014
  64   64     4      2   2.017499     0.038712     0.223000   0.061126     0.040555     0.010559     0.266563   2.658014
  64   64     4      2   2.017499     0.038712     0.223000   0.061126     0.040555     0.010559     0.266563   2.658014
  64   64     4      2   2.017499     0.038712     0.223000   0.061126     0.040555     0.010559     0.266563   2.658014
  45   45     8      2   1.244721     0.038313     0.185451   0.068647     0.049561     0.011474     0.341961   1.940128
  45   45     8      2   1.244721     0.038313     0.185451   0.068647     0.049561     0.011474     0.341961   1.940128
  45   45     8      2   1.244721     0.038313     0.185451   0.068647     0.049561     0.011474     0.341961   1.940128
  45   45     8      2   1.244721     0.038313     0.185451   0.068647     0.049561     0.011474     0.341961   1.940128
  45   45     8      2   1.244721     0.038313     0.185451   0.068647     0.049561     0.011474     0.341961   1.940128
  36   36    12      2   1.167916     0.049053     0.138800   0.046940     0.041657     0.006194     0.241086   1.691646
  36   36    12      2   1.167916     0.049053     0.138800   0.046940     0.041657     0.006194     0.241086   1.691646
  36   36    12      2   1.167916     0.049053     0.138800   0.046940     0.041657     0.006194     0.241086   1.691646
  36   36    12      2   1.167916     0.049053     0.138800   0.046940     0.041657     0.006194     0.241086   1.691646
  36   36    12      2   1.167916     0.049053     0.138800   0.046940     0.041657     0.006194     0.241086   1.691646
  32   32    16      2   1.302021     0.071238     0.125481   0.048768     0.048931     0.008028     0.110339   1.714805
  32   32    16      2   1.302021     0.071238     0.125481   0.048768     0.048931     0.008028     0.110339   1.714805
  32   32    16      2   1.302021     0.071238     0.125481   0.048768     0.048931     0.008028     0.110339   1.714805
  32   32    16      2   1.302021     0.071238     0.125481   0.048768     0.048931     0.008028     0.110339   1.714805
  32   32    16      2   1.302021     0.071238     0.125481   0.048768     0.048931     0.008028     0.110339   1.714805
  90   90     1      4   3.979903     0.000000     0.358338   0.066531     0.000000     0.010664     0.045289   4.460725
  90   90     1      4   3.979903     0.000000     0.358338   0.066531     0.000000     0.010664     0.045289   4.460725
  90   90     1      4   3.979903     0.000000     0.358338   0.066531     0.000000     0.010664     0.045289   4.460725
  90   90     1      4   3.979903     0.000000     0.358338   0.066531     0.000000     0.010664     0.045289   4.460725
  90   90     1      4   3.979903     0.000000     0.358338   0.066531     0.000000     0.010664     0.045289   4.460725
  64   64     2      4   2.663952     0.052980     0.258788   0.066616     0.034206     0.010444     0.047715   3.134701
  64   64     2      4   2.663952     0.052980     0.258788   0.066616     0.034206     0.010444     0.047715   3.134701
  64   64     2      4   2.663952     0.052980     0.258788   0.066616     0.034206     0.010444     0.047715   3.134701
  64   64     2      4   2.663952     0.052980     0.258788   0.066616     0.034206     0.010444     0.047715   3.134701
  64   64     2      4   2.663952     0.052980     0.258788   0.066616     0.034206     0.010444     0.047715   3.134701
  45   45     4      4   1.297555     0.059048     0.190917   0.067194     0.042567     0.010643     0.196176   1.864100
  45   45     4      4   1.297555     0.059048     0.190917   0.067194     0.042567     0.010643     0.196176   1.864100
  45   45     4      4   1.297555     0.059048     0.190917   0.067194     0.042567     0.010643     0.196176   1.864100
  45   45     4      4   1.297555     0.059048     0.190917   0.067194     0.042567     0.010643     0.196176   1.864100
  45   45     4      4   1.297555     0.059048     0.190917   0.067194     0.042567     0.010643     0.196176   1.864100
  32   32     8      4   1.027753     0.079970     0.142932   0.060848     0.045491     0.010196     0.242589   1.609779
  32   32     8      4   1.027753     0.079970     0.142932   0.060848     0.045491     0.010196     0.242589   1.609779
  32   32     8      4   1.027753     0.079970     0.142932   0.060848     0.045491     0.010196     0.242589   1.609779
  32   32     8      4   1.027753     0.079970     0.142932   0.060848     0.045491     0.010196     0.242589   1.609779
  32   32     8      4   1.027753     0.079970     0.142932   0.060848     0.045491     0.010196     0.242589   1.609779
  26   26    12      4   0.756342     0.065744     0.117874   0.054026     0.047723     0.009439     0.202090   1.253239
  26   26    12      4   0.756342     0.065744     0.117874   0.054026     0.047723     0.009439     0.202090   1.253239
  26   26    12      4   0.756342     0.065744     0.117874   0.054026     0.047723     0.009439     0.202090   1.253239
  26   26    12      4   0.756342     0.065744     0.117874   0.054026     0.047723     0.009439     0.202090   1.253239
  26   26    12      4   0.756342     0.065744     0.117874   0.054026     0.047723     0.009439     0.202090   1.253239
  22   22    16      4   0.521121     0.085980     0.098269   0.040476     0.047255     0.008696     0.174143   0.975939
  22   22    16      4   0.521121     0.085980     0.098269   0.040476     0.047255     0.008696     0.174143   0.975939
  22   22    16      4   0.521121     0.085980     0.098269   0.040476     0.047255     0.008696     0.174143   0.975939
  22   22    16      4   0.521121     0.085980     0.098269   0.040476     0.047255     0.008696     0.174143   0.975939
  22   22    16      4   0.521121     0.085980     0.098269   0.040476     0.047255     0.008696     0.174143   0.975939
  64   64     1      8   3.333258     0.000000     0.312783   0.072598     0.000000     0.012545     0.135788   3.866972
  64   64     1      8   3.333258     0.000000     0.312783   0.072598     0.000000     0.012545     0.135788   3.866972
  64   64     1      8   3.333258     0.000000     0.312783   0.072598     0.000000     0.012545     0.135788   3.866972
  64   64     1      8   3.333258     0.000000     0.312783   0.072598     0.000000     0.012545     0.135788   3.866972
  64   64     1      8   3.333258     0.000000     0.312783   0.072598     0.000000     0.012545     0.135788   3.866972
  45   45     2      8   1.597151     0.108133     0.224980   0.069706     0.044168     0.011786     0.169498   2.225422
  45   45     2      8   1.597151     0.108133     0.224980   0.069706     0.044168     0.011786     0.169498   2.225422
  45   45     2      8   1.597151     0.108133     0.224980   0.069706     0.044168     0.011786     0.169498   2.225422
  45   45     2      8   1.597151     0.108133     0.224980   0.069706     0.044168     0.011786     0.169498   2.225422
  45   45     2      8   1.597151     0.108133     0.224980   0.069706     0.044168     0.011786     0.169498   2.225422
  32   32     4      8   1.180561     0.109889     0.169990   0.072579     0.048050     0.010694     0.256525   1.848287
  32   32     4      8   1.180561     0.109889     0.169990   0.072579     0.048050     0.010694     0.256525   1.848287
  32   32     4      8   1.180561     0.109889     0.169990   0.072579     0.048050     0.010694     0.256525   1.848287
  32   32     4      8   1.180561     0.109889     0.169990   0.072579     0.048050     0.010694     0.256525   1.848287
  32   32     4      8   1.180561     0.109889     0.169990   0.072579     0.048050     0.010694     0.256525   1.848287
  22   22     8      8   0.567746     0.128406     0.137616   0.077363     0.064205     0.013228     0.218065   1.206629
  22   22     8      8   0.567746     0.128406     0.137616   0.077363     0.064205     0.013228     0.218065   1.206629
  22   22     8      8   0.567746     0.128406     0.137616   0.077363     0.064205     0.013228     0.218065   1.206629
  22   22     8      8   0.567746     0.128406     0.137616   0.077363     0.064205     0.013228     0.218065   1.206629
  22   22     8      8   0.567746     0.128406     0.137616   0.077363     0.064205     0.013228     0.218065   1.206629
  18   18    12      8   0.508065     0.128848     0.099905   0.057787     0.053078     0.010241     0.264895   1.122819
  18   18    12      8   0.508065     0.128848     0.099905   0.057787     0.053078     0.010241     0.264895   1.122819
  18   18    12      8   0.508065     0.128848     0.099905   0.057787     0.053078     0.010241     0.264895   1.122819
  18   18    12      8   0.508065     0.128848     0.099905   0.057787     0.053078     0.010241     0.264895   1.122819
  18   18    12      8   0.508065     0.128848     0.099905   0.057787     0.053078     0.010241     0.264895   1.122819
  16   16    16      8   0.525681     0.145294     0.089865   0.043232     0.063501     0.011031     0.236345   1.114950
  16   16    16      8   0.525681     0.145294     0.089865   0.043232     0.063501     0.011031     0.236345   1.114950
  16   16    16      8   0.525681     0.145294     0.089865   0.043232     0.063501     0.011031     0.236345   1.114950
  16   16    16      8   0.525681     0.145294     0.089865   0.043232     0.063501     0.011031     0.236345   1.114950
  16   16    16      8   0.525681     0.145294     0.089865   0.043232     0.063501     0.011031     0.236345   1.114950
  45   45     1     16   2.714789     0.000000     0.319863   0.085619     0.000000     0.021099     0.085372   3.226742
  45   45     1     16   2.714789     0.000000     0.319863   0.085619     0.000000     0.021099     0.085372   3.226742
  45   45     1     16   2.714789     0.000000     0.319863   0.085619     0.000000     0.021099     0.085372   3.226742
  45   45     1     16   2.714789     0.000000     0.319863   0.085619     0.000000     0.021099     0.085372   3.226742
  45   45     1     16   2.714789     0.000000     0.319863   0.085619     0.000000     0.021099     0.085372   3.226742
  32   32     2     16   1.847693     0.138904     0.222495   0.071667     0.071965     0.020718     0.080088   2.453529
  32   32     2     16   1.847693     0.138904     0.222495   0.071667     0.071965     0.020718     0.080088   2.453529
  32   32     2     16   1.847693     0.138904     0.222495   0.071667     0.071965     0.020718     0.080088   2.453529
  32   32     2     16   1.847693     0.138904     0.222495   0.071667     0.071965     0.020718     0.080088   2.453529
  32   32     2     16   1.847693     0.138904     0.222495   0.071667     0.071965     0.020718     0.080088   2.453529
  22   22     4     16   0.706568     0.155923     0.170789   0.071185     0.068383     0.020559     0.340691   1.534097
  22   22     4     16   0.706568     0.155923     0.170789   0.071185     0.068383     0.020559     0.340691   1.534097
  22   22     4     16   0.706568     0.155923     0.170789   0.071185     0.068383     0.020559     0.340691   1.534097
  22   22     4     16   0.706568     0.155923     0.170789   0.071185     0.068383     0.020559     0.340691   1.534097
  22   22     4     16   0.706568     0.155923     0.170789   0.071185     0.068383     0.020559     0.340691   1.534097
  16   16     8     16   0.515676     0.143451     0.128907   0.072405     0.072779     0.021260     0.286521   1.240999
  16   16     8     16   0.515676     0.143451     0.128907   0.072405     0.072779     0.021260     0.286521   1.240999
  16   16     8     16   0.515676     0.143451     0.128907   0.072405     0.072779     0.021260     0.286521   1.240999
  16   16     8     16   0.515676     0.143451     0.128907   0.072405     0.072779     0.021260     0.286521   1.240999
  16   16     8     16   0.515676     0.143451     0.128907   0.072405     0.072779     0.021260     0.286521   1.240999
  13   13    12     16   0.564691     0.140833     0.117578   0.075985     0.072695     0.019546     0.073526   1.064854
  13   13    12     16   0.564691     0.140833     0.117578   0.075985     0.072695     0.019546     0.073526   1.064854
  13   13    12     16   0.564691     0.140833     0.117578   0.075985     0.072695     0.019546     0.073526   1.064854
  13   13    12     16   0.564691     0.140833     0.117578   0.075985     0.072695     0.019546     0.073526   1.064854
  13   13    12     16   0.564691     0.140833     0.117578   0.075985     0.072695     0.019546     0.073526   1.064854
  11   11    16     16   0.391596     0.221414     0.106158   0.066091     0.078574     0.022631     0.264018   1.150482
  11   11    16     16   0.391596     0.221414     0.106158   0.066091     0.078574     0.022631     0.264018   1.150482
  11   11    16     16   0.391596     0.221414     0.106158   0.066091     0.078574     0.022631     0.264018   1.150482
  11   11    16     16   0.391596     0.221414     0.106158   0.066091     0.078574     0.022631     0.264018   1.150482
  11   11    16     16   0.391596     0.221414     0.106158   0.066091     0.078574     0.022631     0.264018   1.150482
