  90   90     1      1   3.180857     0.000000     0.614452   0.121674     0.000000     0.021320     0.021295   3.959598
  90   90     1      1   3.180857     0.000000     0.614452   0.121674     0.000000     0.021320     0.021295   3.959598
  90   90     1      1   3.180857     0.000000     0.614452   0.121674     0.000000     0.021320     0.021295   3.959598
  90   90     1      1   3.180857     0.000000     0.614452   0.121674     0.000000     0.021320     0.021295   3.959598
  90   90     1      1   3.180857     0.000000     0.614452   0.121674     0.000000     0.021320     0.021295   3.959598
  64   64     2      1   1.734092     0.031236     0.439050   0.114242     0.059712     0.013787     0.223288   2.615406
  64   64     2      1   1.734092     0.031236     0.439050   0.114242     0.059712     0.013787     0.223288   2.615406
  64   64     2      1   1.734092     0.031236     0.439050   0.114242     0.059712     0.013787     0.223288   2.615406
  64   64     2      1   1.734092     0.031236     0.439050   0.114242     0.059712     0.013787     0.223288   2.615406
  64   64     2      1   1.734092     0.031236     0.439050   0.114242     0.059712     0.013787     0.223288   2.615406
  45   45     4      1   1.025935     0.096058     0.331312   0.103168     0.088984     0.021804     0.330811   1.998071
  45   45     4      1   1.025935     0.096058     0.331312   0.103168     0.088984     0.021804     0.330811   1.998071
  45   45     4      1   1.025935     0.096058     0.331312   0.103168     0.088984     0.021804     0.330811   1.998071
  45   45     4      1   1.025935     0.096058     0.331312   0.103168     0.088984     0.021804     0.330811   1.998071
  45   45     4      1   1.025935     0.096058     0.331312   0.103168     0.088984     0.021804     0.330811   1.998071
  32   32     8      1   0.806425     0.037387     0.228972   0.083562     0.068407     0.011389     0.297392   1.533534
  32   32     8      1   0.806425     0.037387     0.228972   0.083562     0.068407     0.011389     0.297392   1.533534
  32   32     8      1   0.806425     0.037387     0.228972   0.083562     0.068407     0.011389     0.297392   1.533534
  32   32     8      1   0.806425     0.037387     0.228972   0.083562     0.068407     0.011389     0.297392   1.533534
  32   32     8      1   0.806425     0.037387     0.228972   0.083562     0.068407     0.011389     0.297392   1.533534
  26   26    12      1   0.667734     0.049892     0.195123   0.088710     0.082431     0.011649     0.241263   1.336803
  26   26    12      1   0.667734     0.049892     0.195123   0.088710     0.082431     0.011649     0.241263   1.336803
  26   26    12      1   0.667734     0.049892     0.195123   0.088710     0.082431     0.011649     0.241263   1.336803
  26   26    12      1   0.667734     0.049892     0.195123   0.088710     0.082431     0.011649     0.241263   1.336803
  26   26    12      1   0.667734     0.049892     0.195123   0.088710     0.082431     0.011649     0.241263   1.336803
  22   22    16      1   0.606575     0.076585     0.167323   0.055489     0.066190     0.007001     0.291387   1.270549
  22   22    16      1   0.606575     0.076585     0.167323   0.055489     0.066190     0.007001     0.291387   1.270549
  22   22    16      1   0.606575     0.076585     0.167323   0.055489     0.066190     0.007001     0.291387   1.270549
  22   22    16      1   0.606575     0.076585     0.167323   0.055489     0.066190     0.007001     0.291387   1.270549
  22   22    16      1   0.606575     0.076585     0.167323   0.055489     0.066190     0.007001     0.291387   1.270549
  64   64     1      2   2.579114     0.000000     0.481800   0.120915     0.000000     0.021510     0.073997   3.277336
  64   64     1      2   2.579114     0.000000     0.481800   0.120915     0.000000     0.021510     0.073997   3.277336
  64   64     1      2   2.579114     0.000000     0.481800   0.120915     0.000000     0.021510     0.073997   3.277336
  64   64     1      2   2.579114     0.000000     0.481800   0.120915     0.000000     0.021510     0.073997   3.277336
  64   64     1      2   2.579114     0.000000     0.481800   0.120915     0.000000     0.021510     0.073997   3.277336
  45   45     2      2   1.337897     0.080598     0.336875   0.114312     0.069437     0.019922     0.166374   2.125415
  45   45     2      2   1.337897     0.080598     0.336875   0.114312     0.069437     0.019922     0.166374   2.125415
  45   45     2      2   1.337897     0.080598     0.336875   0.114312     0.069437     0.019922     0.166374   2.125415
  45   45     2      2   1.337897     0.080598     0.336875   0.114312     0.069437     0.019922     0.166374   2.125415
  45   45     2      2   1.337897     0.080598     0.336875   0.114312     0.069437     0.019922     0.166374   2.125415
[NID 17732] 2015-08-08 15:54:20 Apid 8988806: initiated application termination
[NID 17732] 2015-08-08 15:54:20 Apid 8988806: initiated application termination
[NID 17732] 2015-08-08 15:54:20 Apid 8988806: initiated application termination
[NID 17732] 2015-08-08 15:54:20 Apid 8988806: initiated application termination
[NID 17732] 2015-08-08 15:54:20 Apid 8988806: initiated application termination
  22   22     8      2   0.697768     0.181136     0.190233   0.104210     0.105874     0.020307     0.179152   1.478680
  22   22     8      2   0.697768     0.181136     0.190233   0.104210     0.105874     0.020307     0.179152   1.478680
  22   22     8      2   0.697768     0.181136     0.190233   0.104210     0.105874     0.020307     0.179152   1.478680
  22   22     8      2   0.697768     0.181136     0.190233   0.104210     0.105874     0.020307     0.179152   1.478680
  22   22     8      2   0.697768     0.181136     0.190233   0.104210     0.105874     0.020307     0.179152   1.478680
  18   18    12      2   0.519730     0.116994     0.159938   0.070552     0.082015     0.012089     0.216569   1.177886
  18   18    12      2   0.519730     0.116994     0.159938   0.070552     0.082015     0.012089     0.216569   1.177886
  18   18    12      2   0.519730     0.116994     0.159938   0.070552     0.082015     0.012089     0.216569   1.177886
  18   18    12      2   0.519730     0.116994     0.159938   0.070552     0.082015     0.012089     0.216569   1.177886
  18   18    12      2   0.519730     0.116994     0.159938   0.070552     0.082015     0.012089     0.216569   1.177886
  16   16    16      2   0.531810     0.084399     0.148615   0.085362     0.075894     0.011251     0.211594   1.148925
  16   16    16      2   0.531810     0.084399     0.148615   0.085362     0.075894     0.011251     0.211594   1.148925
  16   16    16      2   0.531810     0.084399     0.148615   0.085362     0.075894     0.011251     0.211594   1.148925
  16   16    16      2   0.531810     0.084399     0.148615   0.085362     0.075894     0.011251     0.211594   1.148925
  16   16    16      2   0.531810     0.084399     0.148615   0.085362     0.075894     0.011251     0.211594   1.148925
  45   45     1      4   2.232415     0.000000     0.369992   0.103866     0.000000     0.016746     0.054866   2.777885
  45   45     1      4   2.232415     0.000000     0.369992   0.103866     0.000000     0.016746     0.054866   2.777885
  45   45     1      4   2.232415     0.000000     0.369992   0.103866     0.000000     0.016746     0.054866   2.777885
  45   45     1      4   2.232415     0.000000     0.369992   0.103866     0.000000     0.016746     0.054866   2.777885
  45   45     1      4   2.232415     0.000000     0.369992   0.103866     0.000000     0.016746     0.054866   2.777885
  32   32     2      4   1.106592     0.096760     0.278305   0.109127     0.060974     0.019900     0.164986   1.836644
  32   32     2      4   1.106592     0.096760     0.278305   0.109127     0.060974     0.019900     0.164986   1.836644
  32   32     2      4   1.106592     0.096760     0.278305   0.109127     0.060974     0.019900     0.164986   1.836644
  32   32     2      4   1.106592     0.096760     0.278305   0.109127     0.060974     0.019900     0.164986   1.836644
  32   32     2      4   1.106592     0.096760     0.278305   0.109127     0.060974     0.019900     0.164986   1.836644
  22   22     4      4   0.768296     0.126551     0.209166   0.108885     0.074687     0.021068     0.314943   1.623596
  22   22     4      4   0.768296     0.126551     0.209166   0.108885     0.074687     0.021068     0.314943   1.623596
  22   22     4      4   0.768296     0.126551     0.209166   0.108885     0.074687     0.021068     0.314943   1.623596
  22   22     4      4   0.768296     0.126551     0.209166   0.108885     0.074687     0.021068     0.314943   1.623596
  22   22     4      4   0.768296     0.126551     0.209166   0.108885     0.074687     0.021068     0.314943   1.623596
  16   16     8      4   0.399072     0.190335     0.148008   0.077721     0.073119     0.018437     0.293271   1.199963
  16   16     8      4   0.399072     0.190335     0.148008   0.077721     0.073119     0.018437     0.293271   1.199963
  16   16     8      4   0.399072     0.190335     0.148008   0.077721     0.073119     0.018437     0.293271   1.199963
  16   16     8      4   0.399072     0.190335     0.148008   0.077721     0.073119     0.018437     0.293271   1.199963
  16   16     8      4   0.399072     0.190335     0.148008   0.077721     0.073119     0.018437     0.293271   1.199963
  13   13    12      4   0.418284     0.138405     0.159663   0.098049     0.095000     0.015685     0.159682   1.084768
  13   13    12      4   0.418284     0.138405     0.159663   0.098049     0.095000     0.015685     0.159682   1.084768
  13   13    12      4   0.418284     0.138405     0.159663   0.098049     0.095000     0.015685     0.159682   1.084768
  13   13    12      4   0.418284     0.138405     0.159663   0.098049     0.095000     0.015685     0.159682   1.084768
  13   13    12      4   0.418284     0.138405     0.159663   0.098049     0.095000     0.015685     0.159682   1.084768
  11   11    16      4   0.398756     0.251535     0.122096   0.096192     0.105407     0.021337     0.225983   1.221306
  11   11    16      4   0.398756     0.251535     0.122096   0.096192     0.105407     0.021337     0.225983   1.221306
  11   11    16      4   0.398756     0.251535     0.122096   0.096192     0.105407     0.021337     0.225983   1.221306
  11   11    16      4   0.398756     0.251535     0.122096   0.096192     0.105407     0.021337     0.225983   1.221306
  11   11    16      4   0.398756     0.251535     0.122096   0.096192     0.105407     0.021337     0.225983   1.221306
  32   32     1      8   1.917573     0.000000     0.326319   0.105178     0.000000     0.021147     0.069012   2.439229
  32   32     1      8   1.917573     0.000000     0.326319   0.105178     0.000000     0.021147     0.069012   2.439229
  32   32     1      8   1.917573     0.000000     0.326319   0.105178     0.000000     0.021147     0.069012   2.439229
  32   32     1      8   1.917573     0.000000     0.326319   0.105178     0.000000     0.021147     0.069012   2.439229
  32   32     1      8   1.917573     0.000000     0.326319   0.105178     0.000000     0.021147     0.069012   2.439229
  22   22     2      8   0.967078     0.226443     0.253942   0.126214     0.081503     0.023028     0.203124   1.881332
  22   22     2      8   0.967078     0.226443     0.253942   0.126214     0.081503     0.023028     0.203124   1.881332
  22   22     2      8   0.967078     0.226443     0.253942   0.126214     0.081503     0.023028     0.203124   1.881332
  22   22     2      8   0.967078     0.226443     0.253942   0.126214     0.081503     0.023028     0.203124   1.881332
  22   22     2      8   0.967078     0.226443     0.253942   0.126214     0.081503     0.023028     0.203124   1.881332
  16   16     4      8   0.500402     0.251255     0.188436   0.103491     0.082268     0.020732     0.321387   1.467971
  16   16     4      8   0.500402     0.251255     0.188436   0.103491     0.082268     0.020732     0.321387   1.467971
  16   16     4      8   0.500402     0.251255     0.188436   0.103491     0.082268     0.020732     0.321387   1.467971
  16   16     4      8   0.500402     0.251255     0.188436   0.103491     0.082268     0.020732     0.321387   1.467971
  16   16     4      8   0.500402     0.251255     0.188436   0.103491     0.082268     0.020732     0.321387   1.467971
  11   11     8      8   0.533151     0.273805     0.158166   0.106312     0.089662     0.023267     0.172153   1.356517
  11   11     8      8   0.533151     0.273805     0.158166   0.106312     0.089662     0.023267     0.172153   1.356517
  11   11     8      8   0.533151     0.273805     0.158166   0.106312     0.089662     0.023267     0.172153   1.356517
  11   11     8      8   0.533151     0.273805     0.158166   0.106312     0.089662     0.023267     0.172153   1.356517
  11   11     8      8   0.533151     0.273805     0.158166   0.106312     0.089662     0.023267     0.172153   1.356517
   9    9    12      8   0.417097     0.194967     0.134329   0.093247     0.101372     0.020842     0.155307   1.117161
   9    9    12      8   0.417097     0.194967     0.134329   0.093247     0.101372     0.020842     0.155307   1.117161
   9    9    12      8   0.417097     0.194967     0.134329   0.093247     0.101372     0.020842     0.155307   1.117161
   9    9    12      8   0.417097     0.194967     0.134329   0.093247     0.101372     0.020842     0.155307   1.117161
   9    9    12      8   0.417097     0.194967     0.134329   0.093247     0.101372     0.020842     0.155307   1.117161
   8    8    16      8   0.284438     0.183756     0.109153   0.077927     0.085162     0.019131     0.286156   1.045722
   8    8    16      8   0.284438     0.183756     0.109153   0.077927     0.085162     0.019131     0.286156   1.045722
   8    8    16      8   0.284438     0.183756     0.109153   0.077927     0.085162     0.019131     0.286156   1.045722
   8    8    16      8   0.284438     0.183756     0.109153   0.077927     0.085162     0.019131     0.286156   1.045722
   8    8    16      8   0.284438     0.183756     0.109153   0.077927     0.085162     0.019131     0.286156   1.045722
  22   22     1     16   1.664516     0.000000     0.380944   0.172586     0.000000     0.050322     0.078133   2.346501
  22   22     1     16   1.664516     0.000000     0.380944   0.172586     0.000000     0.050322     0.078133   2.346501
  22   22     1     16   1.664516     0.000000     0.380944   0.172586     0.000000     0.050322     0.078133   2.346501
  22   22     1     16   1.664516     0.000000     0.380944   0.172586     0.000000     0.050322     0.078133   2.346501
  22   22     1     16   1.664516     0.000000     0.380944   0.172586     0.000000     0.050322     0.078133   2.346501
  16   16     2     16   0.866328     0.293850     0.262330   0.129418     0.132917     0.040137     0.166130   1.891110
  16   16     2     16   0.866328     0.293850     0.262330   0.129418     0.132917     0.040137     0.166130   1.891110
  16   16     2     16   0.866328     0.293850     0.262330   0.129418     0.132917     0.040137     0.166130   1.891110
  16   16     2     16   0.866328     0.293850     0.262330   0.129418     0.132917     0.040137     0.166130   1.891110
  16   16     2     16   0.866328     0.293850     0.262330   0.129418     0.132917     0.040137     0.166130   1.891110
  11   11     4     16   0.523357     0.274923     0.217627   0.131570     0.122121     0.041410     0.297008   1.608016
  11   11     4     16   0.523357     0.274923     0.217627   0.131570     0.122121     0.041410     0.297008   1.608016
  11   11     4     16   0.523357     0.274923     0.217627   0.131570     0.122121     0.041410     0.297008   1.608016
  11   11     4     16   0.523357     0.274923     0.217627   0.131570     0.122121     0.041410     0.297008   1.608016
  11   11     4     16   0.523357     0.274923     0.217627   0.131570     0.122121     0.041410     0.297008   1.608016
   8    8     8     16   0.360326     0.277392     0.145324   0.104202     0.114616     0.036325     0.312007   1.350192
   8    8     8     16   0.360326     0.277392     0.145324   0.104202     0.114616     0.036325     0.312007   1.350192
   8    8     8     16   0.360326     0.277392     0.145324   0.104202     0.114616     0.036325     0.312007   1.350192
   8    8     8     16   0.360326     0.277392     0.145324   0.104202     0.114616     0.036325     0.312007   1.350192
   8    8     8     16   0.360326     0.277392     0.145324   0.104202     0.114616     0.036325     0.312007   1.350192
   6    6    12     16   0.375642     0.353761     0.207074   0.165948     0.165476     0.044164     0.229844   1.541909
   6    6    12     16   0.375642     0.353761     0.207074   0.165948     0.165476     0.044164     0.229844   1.541909
   6    6    12     16   0.375642     0.353761     0.207074   0.165948     0.165476     0.044164     0.229844   1.541909
   6    6    12     16   0.375642     0.353761     0.207074   0.165948     0.165476     0.044164     0.229844   1.541909
   6    6    12     16   0.375642     0.353761     0.207074   0.165948     0.165476     0.044164     0.229844   1.541909
   5    5    16     16   0.350271     0.408171     0.226070   0.208569     0.222600     0.050303     0.133814   1.599798
   5    5    16     16   0.350271     0.408171     0.226070   0.208569     0.222600     0.050303     0.133814   1.599798
   5    5    16     16   0.350271     0.408171     0.226070   0.208569     0.222600     0.050303     0.133814   1.599798
   5    5    16     16   0.350271     0.408171     0.226070   0.208569     0.222600     0.050303     0.133814   1.599798
   5    5    16     16   0.350271     0.408171     0.226070   0.208569     0.222600     0.050303     0.133814   1.599798
