 128  128     1      1  32.859021     0.000000     3.559320   0.453972     0.000000     0.083025     0.168779  37.124117
 128  128     1      1  32.859021     0.000000     3.559320   0.453972     0.000000     0.083025     0.168779  37.124117
 128  128     1      1  32.859021     0.000000     3.559320   0.453972     0.000000     0.083025     0.168779  37.124117
 128  128     1      1  32.859021     0.000000     3.559320   0.453972     0.000000     0.083025     0.168779  37.124117
 128  128     1      1  32.859021     0.000000     3.559320   0.453972     0.000000     0.083025     0.168779  37.124117
  90   90     2      1  18.279224     0.148913     2.629806   0.485995     0.299714     0.079580     1.641718  23.564950
  90   90     2      1  18.279224     0.148913     2.629806   0.485995     0.299714     0.079580     1.641718  23.564950
  90   90     2      1  18.279224     0.148913     2.629806   0.485995     0.299714     0.079580     1.641718  23.564950
  90   90     2      1  18.279224     0.148913     2.629806   0.485995     0.299714     0.079580     1.641718  23.564950
  90   90     2      1  18.279224     0.148913     2.629806   0.485995     0.299714     0.079580     1.641718  23.564950
  64   64     4      1  10.948387     0.174837     1.915983   0.453942     0.354141     0.069660     1.527867  15.444818
  64   64     4      1  10.948387     0.174837     1.915983   0.453942     0.354141     0.069660     1.527867  15.444818
  64   64     4      1  10.948387     0.174837     1.915983   0.453942     0.354141     0.069660     1.527867  15.444818
  64   64     4      1  10.948387     0.174837     1.915983   0.453942     0.354141     0.069660     1.527867  15.444818
  64   64     4      1  10.948387     0.174837     1.915983   0.453942     0.354141     0.069660     1.527867  15.444818
  45   45     8      1   9.714408     0.169550     1.387903   0.442083     0.340477     0.075660     1.855145  13.985226
  45   45     8      1   9.714408     0.169550     1.387903   0.442083     0.340477     0.075660     1.855145  13.985226
  45   45     8      1   9.714408     0.169550     1.387903   0.442083     0.340477     0.075660     1.855145  13.985226
  45   45     8      1   9.714408     0.169550     1.387903   0.442083     0.340477     0.075660     1.855145  13.985226
  45   45     8      1   9.714408     0.169550     1.387903   0.442083     0.340477     0.075660     1.855145  13.985226
  36   36    12      1   4.768920     0.239796     1.214279   0.385615     0.308793     0.048530     1.244599   8.210531
  36   36    12      1   4.768920     0.239796     1.214279   0.385615     0.308793     0.048530     1.244599   8.210531
  36   36    12      1   4.768920     0.239796     1.214279   0.385615     0.308793     0.048530     1.244599   8.210531
  36   36    12      1   4.768920     0.239796     1.214279   0.385615     0.308793     0.048530     1.244599   8.210531
  36   36    12      1   4.768920     0.239796     1.214279   0.385615     0.308793     0.048530     1.244599   8.210531
  32   32    16      1   8.458573     0.244695     1.012038   0.360633     0.344463     0.045081     1.409329  11.874812
  32   32    16      1   8.458573     0.244695     1.012038   0.360633     0.344463     0.045081     1.409329  11.874812
  32   32    16      1   8.458573     0.244695     1.012038   0.360633     0.344463     0.045081     1.409329  11.874812
  32   32    16      1   8.458573     0.244695     1.012038   0.360633     0.344463     0.045081     1.409329  11.874812
  32   32    16      1   8.458573     0.244695     1.012038   0.360633     0.344463     0.045081     1.409329  11.874812
  90   90     1      2  30.467608     0.000000     2.829386   0.504288     0.000000     0.091927     0.904651  34.797860
  90   90     1      2  30.467608     0.000000     2.829386   0.504288     0.000000     0.091927     0.904651  34.797860
  90   90     1      2  30.467608     0.000000     2.829386   0.504288     0.000000     0.091927     0.904651  34.797860
  90   90     1      2  30.467608     0.000000     2.829386   0.504288     0.000000     0.091927     0.904651  34.797860
  90   90     1      2  30.467608     0.000000     2.829386   0.504288     0.000000     0.091927     0.904651  34.797860
  64   64     2      2  14.946165     0.236955     2.018528   0.471497     0.288462     0.088045     1.371042  19.420694
  64   64     2      2  14.946165     0.236955     2.018528   0.471497     0.288462     0.088045     1.371042  19.420694
  64   64     2      2  14.946165     0.236955     2.018528   0.471497     0.288462     0.088045     1.371042  19.420694
  64   64     2      2  14.946165     0.236955     2.018528   0.471497     0.288462     0.088045     1.371042  19.420694
  64   64     2      2  14.946165     0.236955     2.018528   0.471497     0.288462     0.088045     1.371042  19.420694
  45   45     4      2  11.717985     0.304541     1.510194   0.577549     0.334604     0.089513     2.339706  16.874092
  45   45     4      2  11.717985     0.304541     1.510194   0.577549     0.334604     0.089513     2.339706  16.874092
  45   45     4      2  11.717985     0.304541     1.510194   0.577549     0.334604     0.089513     2.339706  16.874092
  45   45     4      2  11.717985     0.304541     1.510194   0.577549     0.334604     0.089513     2.339706  16.874092
  45   45     4      2  11.717985     0.304541     1.510194   0.577549     0.334604     0.089513     2.339706  16.874092
  32   32     8      2   8.768209     0.297611     1.055258   0.392107     0.314892     0.073451     2.031566  12.933093
  32   32     8      2   8.768209     0.297611     1.055258   0.392107     0.314892     0.073451     2.031566  12.933093
  32   32     8      2   8.768209     0.297611     1.055258   0.392107     0.314892     0.073451     2.031566  12.933093
  32   32     8      2   8.768209     0.297611     1.055258   0.392107     0.314892     0.073451     2.031566  12.933093
  32   32     8      2   8.768209     0.297611     1.055258   0.392107     0.314892     0.073451     2.031566  12.933093
  26   26    12      2   4.118652     0.542728     0.879849   0.333657     0.333648     0.077606     1.883409   8.169548
  26   26    12      2   4.118652     0.542728     0.879849   0.333657     0.333648     0.077606     1.883409   8.169548
  26   26    12      2   4.118652     0.542728     0.879849   0.333657     0.333648     0.077606     1.883409   8.169548
  26   26    12      2   4.118652     0.542728     0.879849   0.333657     0.333648     0.077606     1.883409   8.169548
  26   26    12      2   4.118652     0.542728     0.879849   0.333657     0.333648     0.077606     1.883409   8.169548
  22   22    16      2   3.394260     0.383979     0.854007   0.427058     0.359293     0.079299     1.746197   7.244093
  22   22    16      2   3.394260     0.383979     0.854007   0.427058     0.359293     0.079299     1.746197   7.244093
  22   22    16      2   3.394260     0.383979     0.854007   0.427058     0.359293     0.079299     1.746197   7.244093
  22   22    16      2   3.394260     0.383979     0.854007   0.427058     0.359293     0.079299     1.746197   7.244093
  22   22    16      2   3.394260     0.383979     0.854007   0.427058     0.359293     0.079299     1.746197   7.244093
  64   64     1      4  22.912489     0.000000     2.374587   0.471428     0.000000     0.079520     0.221349  26.059373
  64   64     1      4  22.912489     0.000000     2.374587   0.471428     0.000000     0.079520     0.221349  26.059373
  64   64     1      4  22.912489     0.000000     2.374587   0.471428     0.000000     0.079520     0.221349  26.059373
  64   64     1      4  22.912489     0.000000     2.374587   0.471428     0.000000     0.079520     0.221349  26.059373
  64   64     1      4  22.912489     0.000000     2.374587   0.471428     0.000000     0.079520     0.221349  26.059373
  45   45     2      4  14.294569     0.429267     1.644810   0.460059     0.254363     0.097787     1.635717  18.816572
  45   45     2      4  14.294569     0.429267     1.644810   0.460059     0.254363     0.097787     1.635717  18.816572
  45   45     2      4  14.294569     0.429267     1.644810   0.460059     0.254363     0.097787     1.635717  18.816572
  45   45     2      4  14.294569     0.429267     1.644810   0.460059     0.254363     0.097787     1.635717  18.816572
  45   45     2      4  14.294569     0.429267     1.644810   0.460059     0.254363     0.097787     1.635717  18.816572
  32   32     4      4  10.197247     0.498198     1.195227   0.443761     0.293949     0.088894     2.129637  14.846913
  32   32     4      4  10.197247     0.498198     1.195227   0.443761     0.293949     0.088894     2.129637  14.846913
  32   32     4      4  10.197247     0.498198     1.195227   0.443761     0.293949     0.088894     2.129637  14.846913
  32   32     4      4  10.197247     0.498198     1.195227   0.443761     0.293949     0.088894     2.129637  14.846913
  32   32     4      4  10.197247     0.498198     1.195227   0.443761     0.293949     0.088894     2.129637  14.846913
  22   22     8      4   4.827416     0.686103     0.927653   0.377745     0.365889     0.093552     0.663124   7.941482
  22   22     8      4   4.827416     0.686103     0.927653   0.377745     0.365889     0.093552     0.663124   7.941482
  22   22     8      4   4.827416     0.686103     0.927653   0.377745     0.365889     0.093552     0.663124   7.941482
  22   22     8      4   4.827416     0.686103     0.927653   0.377745     0.365889     0.093552     0.663124   7.941482
  22   22     8      4   4.827416     0.686103     0.927653   0.377745     0.365889     0.093552     0.663124   7.941482
  18   18    12      4   3.056631     0.707394     0.815520   0.410505     0.397146     0.083115     1.827597   7.297908
  18   18    12      4   3.056631     0.707394     0.815520   0.410505     0.397146     0.083115     1.827597   7.297908
  18   18    12      4   3.056631     0.707394     0.815520   0.410505     0.397146     0.083115     1.827597   7.297908
  18   18    12      4   3.056631     0.707394     0.815520   0.410505     0.397146     0.083115     1.827597   7.297908
  18   18    12      4   3.056631     0.707394     0.815520   0.410505     0.397146     0.083115     1.827597   7.297908
  16   16    16      4   6.225542     0.604860     0.713542   0.398509     0.379779     0.074118     0.807055   9.203405
  16   16    16      4   6.225542     0.604860     0.713542   0.398509     0.379779     0.074118     0.807055   9.203405
  16   16    16      4   6.225542     0.604860     0.713542   0.398509     0.379779     0.074118     0.807055   9.203405
  16   16    16      4   6.225542     0.604860     0.713542   0.398509     0.379779     0.074118     0.807055   9.203405
  16   16    16      4   6.225542     0.604860     0.713542   0.398509     0.379779     0.074118     0.807055   9.203405
  45   45     1      8  20.759258     0.000000     2.065685   0.452199     0.000000     0.091120     1.173163  24.541424
  45   45     1      8  20.759258     0.000000     2.065685   0.452199     0.000000     0.091120     1.173163  24.541424
  45   45     1      8  20.759258     0.000000     2.065685   0.452199     0.000000     0.091120     1.173163  24.541424
  45   45     1      8  20.759258     0.000000     2.065685   0.452199     0.000000     0.091120     1.173163  24.541424
  45   45     1      8  20.759258     0.000000     2.065685   0.452199     0.000000     0.091120     1.173163  24.541424
  32   32     2      8  12.808615     0.853522     1.518691   0.447950     0.307964     0.092498     1.612788  17.642028
  32   32     2      8  12.808615     0.853522     1.518691   0.447950     0.307964     0.092498     1.612788  17.642028
  32   32     2      8  12.808615     0.853522     1.518691   0.447950     0.307964     0.092498     1.612788  17.642028
  32   32     2      8  12.808615     0.853522     1.518691   0.447950     0.307964     0.092498     1.612788  17.642028
  32   32     2      8  12.808615     0.853522     1.518691   0.447950     0.307964     0.092498     1.612788  17.642028
  22   22     4      8   4.910983     1.096339     1.162047   0.411515     0.375863     0.092366     1.269997   9.319111
  22   22     4      8   4.910983     1.096339     1.162047   0.411515     0.375863     0.092366     1.269997   9.319111
  22   22     4      8   4.910983     1.096339     1.162047   0.411515     0.375863     0.092366     1.269997   9.319111
  22   22     4      8   4.910983     1.096339     1.162047   0.411515     0.375863     0.092366     1.269997   9.319111
  22   22     4      8   4.910983     1.096339     1.162047   0.411515     0.375863     0.092366     1.269997   9.319111
  16   16     8      8   5.613708     0.978858     0.907286   0.433128     0.406645     0.094626     1.457525   9.891776
  16   16     8      8   5.613708     0.978858     0.907286   0.433128     0.406645     0.094626     1.457525   9.891776
  16   16     8      8   5.613708     0.978858     0.907286   0.433128     0.406645     0.094626     1.457525   9.891776
  16   16     8      8   5.613708     0.978858     0.907286   0.433128     0.406645     0.094626     1.457525   9.891776
  16   16     8      8   5.613708     0.978858     0.907286   0.433128     0.406645     0.094626     1.457525   9.891776
  13   13    12      8   2.747931     0.933833     0.805747   0.506570     0.437948     0.097309     0.797549   6.326888
  13   13    12      8   2.747931     0.933833     0.805747   0.506570     0.437948     0.097309     0.797549   6.326888
  13   13    12      8   2.747931     0.933833     0.805747   0.506570     0.437948     0.097309     0.797549   6.326888
  13   13    12      8   2.747931     0.933833     0.805747   0.506570     0.437948     0.097309     0.797549   6.326888
  13   13    12      8   2.747931     0.933833     0.805747   0.506570     0.437948     0.097309     0.797549   6.326888
  11   11    16      8   2.249268     1.066608     0.734897   0.379049     0.425734     0.098284     1.100843   6.054683
  11   11    16      8   2.249268     1.066608     0.734897   0.379049     0.425734     0.098284     1.100843   6.054683
  11   11    16      8   2.249268     1.066608     0.734897   0.379049     0.425734     0.098284     1.100843   6.054683
  11   11    16      8   2.249268     1.066608     0.734897   0.379049     0.425734     0.098284     1.100843   6.054683
  11   11    16      8   2.249268     1.066608     0.734897   0.379049     0.425734     0.098284     1.100843   6.054683
  32   32     1     16  17.465212     0.000000     2.089806   0.567775     0.000000     0.162288     1.534804  21.819884
  32   32     1     16  17.465212     0.000000     2.089806   0.567775     0.000000     0.162288     1.534804  21.819884
  32   32     1     16  17.465212     0.000000     2.089806   0.567775     0.000000     0.162288     1.534804  21.819884
  32   32     1     16  17.465212     0.000000     2.089806   0.567775     0.000000     0.162288     1.534804  21.819884
  32   32     1     16  17.465212     0.000000     2.089806   0.567775     0.000000     0.162288     1.534804  21.819884
  22   22     2     16   9.704597     1.317739     1.784022   0.599607     0.514031     0.170832     1.066677  15.157504
  22   22     2     16   9.704597     1.317739     1.784022   0.599607     0.514031     0.170832     1.066677  15.157504
  22   22     2     16   9.704597     1.317739     1.784022   0.599607     0.514031     0.170832     1.066677  15.157504
  22   22     2     16   9.704597     1.317739     1.784022   0.599607     0.514031     0.170832     1.066677  15.157504
  22   22     2     16   9.704597     1.317739     1.784022   0.599607     0.514031     0.170832     1.066677  15.157504
  16   16     4     16   6.008739     1.220634     1.355854   0.570339     0.577841     0.165258     2.493185  12.391849
  16   16     4     16   6.008739     1.220634     1.355854   0.570339     0.577841     0.165258     2.493185  12.391849
  16   16     4     16   6.008739     1.220634     1.355854   0.570339     0.577841     0.165258     2.493185  12.391849
  16   16     4     16   6.008739     1.220634     1.355854   0.570339     0.577841     0.165258     2.493185  12.391849
  16   16     4     16   6.008739     1.220634     1.355854   0.570339     0.577841     0.165258     2.493185  12.391849
  11   11     8     16   3.037563     1.354231     1.009634   0.575811     0.564759     0.167753     1.732258   8.442009
  11   11     8     16   3.037563     1.354231     1.009634   0.575811     0.564759     0.167753     1.732258   8.442009
  11   11     8     16   3.037563     1.354231     1.009634   0.575811     0.564759     0.167753     1.732258   8.442009
  11   11     8     16   3.037563     1.354231     1.009634   0.575811     0.564759     0.167753     1.732258   8.442009
  11   11     8     16   3.037563     1.354231     1.009634   0.575811     0.564759     0.167753     1.732258   8.442009
   9    9    12     16   2.746395     1.263979     0.894343   0.600824     0.611805     0.169523     1.206917   7.493786
   9    9    12     16   2.746395     1.263979     0.894343   0.600824     0.611805     0.169523     1.206917   7.493786
   9    9    12     16   2.746395     1.263979     0.894343   0.600824     0.611805     0.169523     1.206917   7.493786
   9    9    12     16   2.746395     1.263979     0.894343   0.600824     0.611805     0.169523     1.206917   7.493786
   9    9    12     16   2.746395     1.263979     0.894343   0.600824     0.611805     0.169523     1.206917   7.493786
