 128  128     1      1   3.574993     0.000000     0.394614   0.070421     0.000000     0.011756     0.053437   4.105222
 128  128     1      1   3.574993     0.000000     0.394614   0.070421     0.000000     0.011756     0.053437   4.105222
 128  128     1      1   3.574993     0.000000     0.394614   0.070421     0.000000     0.011756     0.053437   4.105222
 128  128     1      1   3.574993     0.000000     0.394614   0.070421     0.000000     0.011756     0.053437   4.105222
 128  128     1      1   3.574993     0.000000     0.394614   0.070421     0.000000     0.011756     0.053437   4.105222
  90   90     2      1   1.753165     0.013988     0.288274   0.054969     0.030947     0.008493     0.542048   2.691884
  90   90     2      1   1.753165     0.013988     0.288274   0.054969     0.030947     0.008493     0.542048   2.691884
  90   90     2      1   1.753165     0.013988     0.288274   0.054969     0.030947     0.008493     0.542048   2.691884
  90   90     2      1   1.753165     0.013988     0.288274   0.054969     0.030947     0.008493     0.542048   2.691884
  90   90     2      1   1.753165     0.013988     0.288274   0.054969     0.030947     0.008493     0.542048   2.691884
  64   64     4      1   1.016701     0.015312     0.187290   0.041718     0.022001     0.006917     0.420245   1.710184
  64   64     4      1   1.016701     0.015312     0.187290   0.041718     0.022001     0.006917     0.420245   1.710184
  64   64     4      1   1.016701     0.015312     0.187290   0.041718     0.022001     0.006917     0.420245   1.710184
  64   64     4      1   1.016701     0.015312     0.187290   0.041718     0.022001     0.006917     0.420245   1.710184
  64   64     4      1   1.016701     0.015312     0.187290   0.041718     0.022001     0.006917     0.420245   1.710184
  45   45     8      1   0.512989     0.031305     0.148991   0.037342     0.038116     0.008910     0.449385   1.227038
  45   45     8      1   0.512989     0.031305     0.148991   0.037342     0.038116     0.008910     0.449385   1.227038
  45   45     8      1   0.512989     0.031305     0.148991   0.037342     0.038116     0.008910     0.449385   1.227038
  45   45     8      1   0.512989     0.031305     0.148991   0.037342     0.038116     0.008910     0.449385   1.227038
  45   45     8      1   0.512989     0.031305     0.148991   0.037342     0.038116     0.008910     0.449385   1.227038
  36   36    12      1   0.536470     0.024971     0.133048   0.050819     0.047715     0.010178     0.332121   1.135322
  36   36    12      1   0.536470     0.024971     0.133048   0.050819     0.047715     0.010178     0.332121   1.135322
  36   36    12      1   0.536470     0.024971     0.133048   0.050819     0.047715     0.010178     0.332121   1.135322
  36   36    12      1   0.536470     0.024971     0.133048   0.050819     0.047715     0.010178     0.332121   1.135322
  36   36    12      1   0.536470     0.024971     0.133048   0.050819     0.047715     0.010178     0.332121   1.135322
  32   32    16      1   0.437038     0.034189     0.111335   0.042507     0.042988     0.006174     0.296327   0.970557
  32   32    16      1   0.437038     0.034189     0.111335   0.042507     0.042988     0.006174     0.296327   0.970557
  32   32    16      1   0.437038     0.034189     0.111335   0.042507     0.042988     0.006174     0.296327   0.970557
  32   32    16      1   0.437038     0.034189     0.111335   0.042507     0.042988     0.006174     0.296327   0.970557
  32   32    16      1   0.437038     0.034189     0.111335   0.042507     0.042988     0.006174     0.296327   0.970557
  90   90     1      2   2.293117     0.000000     0.322085   0.057564     0.000000     0.009863     0.042813   2.725442
  90   90     1      2   2.293117     0.000000     0.322085   0.057564     0.000000     0.009863     0.042813   2.725442
  90   90     1      2   2.293117     0.000000     0.322085   0.057564     0.000000     0.009863     0.042813   2.725442
  90   90     1      2   2.293117     0.000000     0.322085   0.057564     0.000000     0.009863     0.042813   2.725442
  90   90     1      2   2.293117     0.000000     0.322085   0.057564     0.000000     0.009863     0.042813   2.725442
  64   64     2      2   1.193578     0.027767     0.235308   0.062588     0.029115     0.009740     0.086358   1.644454
  64   64     2      2   1.193578     0.027767     0.235308   0.062588     0.029115     0.009740     0.086358   1.644454
  64   64     2      2   1.193578     0.027767     0.235308   0.062588     0.029115     0.009740     0.086358   1.644454
  64   64     2      2   1.193578     0.027767     0.235308   0.062588     0.029115     0.009740     0.086358   1.644454
  64   64     2      2   1.193578     0.027767     0.235308   0.062588     0.029115     0.009740     0.086358   1.644454
  45   45     4      2   0.763895     0.028252     0.161684   0.057316     0.036116     0.009768     0.326709   1.383740
  45   45     4      2   0.763895     0.028252     0.161684   0.057316     0.036116     0.009768     0.326709   1.383740
  45   45     4      2   0.763895     0.028252     0.161684   0.057316     0.036116     0.009768     0.326709   1.383740
  45   45     4      2   0.763895     0.028252     0.161684   0.057316     0.036116     0.009768     0.326709   1.383740
  45   45     4      2   0.763895     0.028252     0.161684   0.057316     0.036116     0.009768     0.326709   1.383740
  32   32     8      2   0.726391     0.030970     0.128349   0.048943     0.036444     0.008084     0.118022   1.097203
  32   32     8      2   0.726391     0.030970     0.128349   0.048943     0.036444     0.008084     0.118022   1.097203
  32   32     8      2   0.726391     0.030970     0.128349   0.048943     0.036444     0.008084     0.118022   1.097203
  32   32     8      2   0.726391     0.030970     0.128349   0.048943     0.036444     0.008084     0.118022   1.097203
  32   32     8      2   0.726391     0.030970     0.128349   0.048943     0.036444     0.008084     0.118022   1.097203
  26   26    12      2   0.443810     0.073712     0.111081   0.052171     0.050553     0.010169     0.141509   0.883005
  26   26    12      2   0.443810     0.073712     0.111081   0.052171     0.050553     0.010169     0.141509   0.883005
  26   26    12      2   0.443810     0.073712     0.111081   0.052171     0.050553     0.010169     0.141509   0.883005
  26   26    12      2   0.443810     0.073712     0.111081   0.052171     0.050553     0.010169     0.141509   0.883005
  26   26    12      2   0.443810     0.073712     0.111081   0.052171     0.050553     0.010169     0.141509   0.883005
  22   22    16      2   0.364462     0.051628     0.097371   0.043429     0.040423     0.006604     0.123706   0.727623
  22   22    16      2   0.364462     0.051628     0.097371   0.043429     0.040423     0.006604     0.123706   0.727623
  22   22    16      2   0.364462     0.051628     0.097371   0.043429     0.040423     0.006604     0.123706   0.727623
  22   22    16      2   0.364462     0.051628     0.097371   0.043429     0.040423     0.006604     0.123706   0.727623
  22   22    16      2   0.364462     0.051628     0.097371   0.043429     0.040423     0.006604     0.123706   0.727623
  64   64     1      4   1.963146     0.000000     0.251521   0.058950     0.000000     0.009693     0.066234   2.349544
  64   64     1      4   1.963146     0.000000     0.251521   0.058950     0.000000     0.009693     0.066234   2.349544
  64   64     1      4   1.963146     0.000000     0.251521   0.058950     0.000000     0.009693     0.066234   2.349544
  64   64     1      4   1.963146     0.000000     0.251521   0.058950     0.000000     0.009693     0.066234   2.349544
  64   64     1      4   1.963146     0.000000     0.251521   0.058950     0.000000     0.009693     0.066234   2.349544
  45   45     2      4   1.121627     0.050612     0.188423   0.058186     0.031924     0.009594     0.077144   1.537510
  45   45     2      4   1.121627     0.050612     0.188423   0.058186     0.031924     0.009594     0.077144   1.537510
  45   45     2      4   1.121627     0.050612     0.188423   0.058186     0.031924     0.009594     0.077144   1.537510
  45   45     2      4   1.121627     0.050612     0.188423   0.058186     0.031924     0.009594     0.077144   1.537510
  45   45     2      4   1.121627     0.050612     0.188423   0.058186     0.031924     0.009594     0.077144   1.537510
  32   32     4      4   0.648872     0.063254     0.136582   0.053940     0.036937     0.009276     0.196111   1.144973
  32   32     4      4   0.648872     0.063254     0.136582   0.053940     0.036937     0.009276     0.196111   1.144973
  32   32     4      4   0.648872     0.063254     0.136582   0.053940     0.036937     0.009276     0.196111   1.144973
  32   32     4      4   0.648872     0.063254     0.136582   0.053940     0.036937     0.009276     0.196111   1.144973
  32   32     4      4   0.648872     0.063254     0.136582   0.053940     0.036937     0.009276     0.196111   1.144973
  22   22     8      4   0.360433     0.065383     0.109442   0.062754     0.047200     0.008869     0.084590   0.738671
  22   22     8      4   0.360433     0.065383     0.109442   0.062754     0.047200     0.008869     0.084590   0.738671
  22   22     8      4   0.360433     0.065383     0.109442   0.062754     0.047200     0.008869     0.084590   0.738671
  22   22     8      4   0.360433     0.065383     0.109442   0.062754     0.047200     0.008869     0.084590   0.738671
  22   22     8      4   0.360433     0.065383     0.109442   0.062754     0.047200     0.008869     0.084590   0.738671
  18   18    12      4   0.271541     0.087112     0.083727   0.037060     0.042189     0.007052     0.120646   0.649326
  18   18    12      4   0.271541     0.087112     0.083727   0.037060     0.042189     0.007052     0.120646   0.649326
  18   18    12      4   0.271541     0.087112     0.083727   0.037060     0.042189     0.007052     0.120646   0.649326
  18   18    12      4   0.271541     0.087112     0.083727   0.037060     0.042189     0.007052     0.120646   0.649326
  18   18    12      4   0.271541     0.087112     0.083727   0.037060     0.042189     0.007052     0.120646   0.649326
  16   16    16      4   0.286333     0.079840     0.075625   0.032220     0.038149     0.005506     0.143182   0.660855
  16   16    16      4   0.286333     0.079840     0.075625   0.032220     0.038149     0.005506     0.143182   0.660855
  16   16    16      4   0.286333     0.079840     0.075625   0.032220     0.038149     0.005506     0.143182   0.660855
  16   16    16      4   0.286333     0.079840     0.075625   0.032220     0.038149     0.005506     0.143182   0.660855
  16   16    16      4   0.286333     0.079840     0.075625   0.032220     0.038149     0.005506     0.143182   0.660855
  45   45     1      8   2.276145     0.000000     0.269702   0.065972     0.000000     0.011522     0.036968   2.660308
  45   45     1      8   2.276145     0.000000     0.269702   0.065972     0.000000     0.011522     0.036968   2.660308
  45   45     1      8   2.276145     0.000000     0.269702   0.065972     0.000000     0.011522     0.036968   2.660308
  45   45     1      8   2.276145     0.000000     0.269702   0.065972     0.000000     0.011522     0.036968   2.660308
  45   45     1      8   2.276145     0.000000     0.269702   0.065972     0.000000     0.011522     0.036968   2.660308
  32   32     2      8   0.950556     0.094887     0.166623   0.067467     0.043707     0.011634     0.065579   1.400453
  32   32     2      8   0.950556     0.094887     0.166623   0.067467     0.043707     0.011634     0.065579   1.400453
  32   32     2      8   0.950556     0.094887     0.166623   0.067467     0.043707     0.011634     0.065579   1.400453
  32   32     2      8   0.950556     0.094887     0.166623   0.067467     0.043707     0.011634     0.065579   1.400453
  32   32     2      8   0.950556     0.094887     0.166623   0.067467     0.043707     0.011634     0.065579   1.400453
  22   22     4      8   0.437116     0.114176     0.126696   0.055947     0.040292     0.011559     0.106869   0.892655
  22   22     4      8   0.437116     0.114176     0.126696   0.055947     0.040292     0.011559     0.106869   0.892655
  22   22     4      8   0.437116     0.114176     0.126696   0.055947     0.040292     0.011559     0.106869   0.892655
  22   22     4      8   0.437116     0.114176     0.126696   0.055947     0.040292     0.011559     0.106869   0.892655
  22   22     4      8   0.437116     0.114176     0.126696   0.055947     0.040292     0.011559     0.106869   0.892655
  16   16     8      8   0.454941     0.112289     0.091249   0.050342     0.048791     0.010613     0.111939   0.880164
  16   16     8      8   0.454941     0.112289     0.091249   0.050342     0.048791     0.010613     0.111939   0.880164
  16   16     8      8   0.454941     0.112289     0.091249   0.050342     0.048791     0.010613     0.111939   0.880164
  16   16     8      8   0.454941     0.112289     0.091249   0.050342     0.048791     0.010613     0.111939   0.880164
  16   16     8      8   0.454941     0.112289     0.091249   0.050342     0.048791     0.010613     0.111939   0.880164
  13   13    12      8   0.260166     0.163701     0.076850   0.047614     0.057572     0.010702     0.166331   0.782936
  13   13    12      8   0.260166     0.163701     0.076850   0.047614     0.057572     0.010702     0.166331   0.782936
  13   13    12      8   0.260166     0.163701     0.076850   0.047614     0.057572     0.010702     0.166331   0.782936
  13   13    12      8   0.260166     0.163701     0.076850   0.047614     0.057572     0.010702     0.166331   0.782936
  13   13    12      8   0.260166     0.163701     0.076850   0.047614     0.057572     0.010702     0.166331   0.782936
  11   11    16      8   0.226194     0.120646     0.070044   0.042826     0.062704     0.011309     0.189517   0.723240
  11   11    16      8   0.226194     0.120646     0.070044   0.042826     0.062704     0.011309     0.189517   0.723240
  11   11    16      8   0.226194     0.120646     0.070044   0.042826     0.062704     0.011309     0.189517   0.723240
  11   11    16      8   0.226194     0.120646     0.070044   0.042826     0.062704     0.011309     0.189517   0.723240
  11   11    16      8   0.226194     0.120646     0.070044   0.042826     0.062704     0.011309     0.189517   0.723240
  32   32     1     16   1.152522     0.000000     0.230617   0.079174     0.000000     0.019758     0.047181   1.529252
  32   32     1     16   1.152522     0.000000     0.230617   0.079174     0.000000     0.019758     0.047181   1.529252
  32   32     1     16   1.152522     0.000000     0.230617   0.079174     0.000000     0.019758     0.047181   1.529252
  32   32     1     16   1.152522     0.000000     0.230617   0.079174     0.000000     0.019758     0.047181   1.529252
  32   32     1     16   1.152522     0.000000     0.230617   0.079174     0.000000     0.019758     0.047181   1.529252
  22   22     2     16   0.616223     0.159500     0.172965   0.081366     0.068081     0.015371     0.130352   1.243858
  22   22     2     16   0.616223     0.159500     0.172965   0.081366     0.068081     0.015371     0.130352   1.243858
  22   22     2     16   0.616223     0.159500     0.172965   0.081366     0.068081     0.015371     0.130352   1.243858
  22   22     2     16   0.616223     0.159500     0.172965   0.081366     0.068081     0.015371     0.130352   1.243858
  22   22     2     16   0.616223     0.159500     0.172965   0.081366     0.068081     0.015371     0.130352   1.243858
  16   16     4     16   0.461272     0.141632     0.130106   0.070898     0.065770     0.020305     0.109527   0.999510
  16   16     4     16   0.461272     0.141632     0.130106   0.070898     0.065770     0.020305     0.109527   0.999510
  16   16     4     16   0.461272     0.141632     0.130106   0.070898     0.065770     0.020305     0.109527   0.999510
  16   16     4     16   0.461272     0.141632     0.130106   0.070898     0.065770     0.020305     0.109527   0.999510
  16   16     4     16   0.461272     0.141632     0.130106   0.070898     0.065770     0.020305     0.109527   0.999510
  11   11     8     16   0.264724     0.234924     0.103869   0.058634     0.069242     0.015350     0.232079   0.978823
  11   11     8     16   0.264724     0.234924     0.103869   0.058634     0.069242     0.015350     0.232079   0.978823
  11   11     8     16   0.264724     0.234924     0.103869   0.058634     0.069242     0.015350     0.232079   0.978823
  11   11     8     16   0.264724     0.234924     0.103869   0.058634     0.069242     0.015350     0.232079   0.978823
  11   11     8     16   0.264724     0.234924     0.103869   0.058634     0.069242     0.015350     0.232079   0.978823
   9    9    12     16   0.278854     0.137478     0.098037   0.069736     0.064039     0.019063     0.095226   0.762433
   9    9    12     16   0.278854     0.137478     0.098037   0.069736     0.064039     0.019063     0.095226   0.762433
   9    9    12     16   0.278854     0.137478     0.098037   0.069736     0.064039     0.019063     0.095226   0.762433
   9    9    12     16   0.278854     0.137478     0.098037   0.069736     0.064039     0.019063     0.095226   0.762433
   9    9    12     16   0.278854     0.137478     0.098037   0.069736     0.064039     0.019063     0.095226   0.762433
   8    8    16     16   0.260758     0.293172     0.081603   0.059064     0.077495     0.020270     0.154400   0.946762
   8    8    16     16   0.260758     0.293172     0.081603   0.059064     0.077495     0.020270     0.154400   0.946762
   8    8    16     16   0.260758     0.293172     0.081603   0.059064     0.077495     0.020270     0.154400   0.946762
   8    8    16     16   0.260758     0.293172     0.081603   0.059064     0.077495     0.020270     0.154400   0.946762
   8    8    16     16   0.260758     0.293172     0.081603   0.059064     0.077495     0.020270     0.154400   0.946762
