  90   90     1      1  13.962414     0.000000     2.634477   0.462049     0.000000     0.086218     0.158170  17.303328
  90   90     1      1  13.962414     0.000000     2.634477   0.462049     0.000000     0.086218     0.158170  17.303328
  90   90     1      1  13.962414     0.000000     2.634477   0.462049     0.000000     0.086218     0.158170  17.303328
  90   90     1      1  13.962414     0.000000     2.634477   0.462049     0.000000     0.086218     0.158170  17.303328
  90   90     1      1  13.962414     0.000000     2.634477   0.462049     0.000000     0.086218     0.158170  17.303328
  64   64     2      1   6.500612     0.145722     1.951942   0.552625     0.320650     0.082447     0.912385  10.466383
  64   64     2      1   6.500612     0.145722     1.951942   0.552625     0.320650     0.082447     0.912385  10.466383
  64   64     2      1   6.500612     0.145722     1.951942   0.552625     0.320650     0.082447     0.912385  10.466383
  64   64     2      1   6.500612     0.145722     1.951942   0.552625     0.320650     0.082447     0.912385  10.466383
  64   64     2      1   6.500612     0.145722     1.951942   0.552625     0.320650     0.082447     0.912385  10.466383
  45   45     4      1   3.781569     0.145773     1.392636   0.435110     0.282277     0.062113     0.444241   6.543719
  45   45     4      1   3.781569     0.145773     1.392636   0.435110     0.282277     0.062113     0.444241   6.543719
  45   45     4      1   3.781569     0.145773     1.392636   0.435110     0.282277     0.062113     0.444241   6.543719
  45   45     4      1   3.781569     0.145773     1.392636   0.435110     0.282277     0.062113     0.444241   6.543719
  45   45     4      1   3.781569     0.145773     1.392636   0.435110     0.282277     0.062113     0.444241   6.543719
  32   32     8      1   2.044352     0.220168     1.028893   0.382150     0.329475     0.066942     0.909714   4.981695
  32   32     8      1   2.044352     0.220168     1.028893   0.382150     0.329475     0.066942     0.909714   4.981695
  32   32     8      1   2.044352     0.220168     1.028893   0.382150     0.329475     0.066942     0.909714   4.981695
  32   32     8      1   2.044352     0.220168     1.028893   0.382150     0.329475     0.066942     0.909714   4.981695
  32   32     8      1   2.044352     0.220168     1.028893   0.382150     0.329475     0.066942     0.909714   4.981695
  26   26    12      1   2.110986     0.268240     0.836941   0.349945     0.353312     0.054633     0.577457   4.551515
  26   26    12      1   2.110986     0.268240     0.836941   0.349945     0.353312     0.054633     0.577457   4.551515
  26   26    12      1   2.110986     0.268240     0.836941   0.349945     0.353312     0.054633     0.577457   4.551515
  26   26    12      1   2.110986     0.268240     0.836941   0.349945     0.353312     0.054633     0.577457   4.551515
  26   26    12      1   2.110986     0.268240     0.836941   0.349945     0.353312     0.054633     0.577457   4.551515
  22   22    16      1   1.333388     0.233509     1.557455   1.736254     0.519820     0.090211     0.452610   5.923247
  22   22    16      1   1.333388     0.233509     1.557455   1.736254     0.519820     0.090211     0.452610   5.923247
  22   22    16      1   1.333388     0.233509     1.557455   1.736254     0.519820     0.090211     0.452610   5.923247
  22   22    16      1   1.333388     0.233509     1.557455   1.736254     0.519820     0.090211     0.452610   5.923247
  22   22    16      1   1.333388     0.233509     1.557455   1.736254     0.519820     0.090211     0.452610   5.923247
  64   64     1      2  11.029615     0.000000     2.017240   0.490439     0.000000     0.089094     0.319458  13.945846
  64   64     1      2  11.029615     0.000000     2.017240   0.490439     0.000000     0.089094     0.319458  13.945846
  64   64     1      2  11.029615     0.000000     2.017240   0.490439     0.000000     0.089094     0.319458  13.945846
  64   64     1      2  11.029615     0.000000     2.017240   0.490439     0.000000     0.089094     0.319458  13.945846
  64   64     1      2  11.029615     0.000000     2.017240   0.490439     0.000000     0.089094     0.319458  13.945846
  45   45     2      2   4.912037     0.273107     1.487120   0.459075     0.282317     0.086202     0.402880   7.902738
  45   45     2      2   4.912037     0.273107     1.487120   0.459075     0.282317     0.086202     0.402880   7.902738
  45   45     2      2   4.912037     0.273107     1.487120   0.459075     0.282317     0.086202     0.402880   7.902738
  45   45     2      2   4.912037     0.273107     1.487120   0.459075     0.282317     0.086202     0.402880   7.902738
  45   45     2      2   4.912037     0.273107     1.487120   0.459075     0.282317     0.086202     0.402880   7.902738
  32   32     4      2   2.688890     0.264660     1.064690   0.439348     0.334117     0.080188     0.646149   5.518043
  32   32     4      2   2.688890     0.264660     1.064690   0.439348     0.334117     0.080188     0.646149   5.518043
  32   32     4      2   2.688890     0.264660     1.064690   0.439348     0.334117     0.080188     0.646149   5.518043
  32   32     4      2   2.688890     0.264660     1.064690   0.439348     0.334117     0.080188     0.646149   5.518043
  32   32     4      2   2.688890     0.264660     1.064690   0.439348     0.334117     0.080188     0.646149   5.518043
  22   22     8      2   1.513459     0.357872     0.851268   0.420253     0.389791     0.083075     0.657954   4.273672
  22   22     8      2   1.513459     0.357872     0.851268   0.420253     0.389791     0.083075     0.657954   4.273672
  22   22     8      2   1.513459     0.357872     0.851268   0.420253     0.389791     0.083075     0.657954   4.273672
  22   22     8      2   1.513459     0.357872     0.851268   0.420253     0.389791     0.083075     0.657954   4.273672
  22   22     8      2   1.513459     0.357872     0.851268   0.420253     0.389791     0.083075     0.657954   4.273672
  18   18    12      2   1.987660     0.527672     0.686603   0.357944     0.348159     0.081022     0.264078   4.253138
  18   18    12      2   1.987660     0.527672     0.686603   0.357944     0.348159     0.081022     0.264078   4.253138
  18   18    12      2   1.987660     0.527672     0.686603   0.357944     0.348159     0.081022     0.264078   4.253138
  18   18    12      2   1.987660     0.527672     0.686603   0.357944     0.348159     0.081022     0.264078   4.253138
  18   18    12      2   1.987660     0.527672     0.686603   0.357944     0.348159     0.081022     0.264078   4.253138
  16   16    16      2   1.359711     0.525091     0.588775   0.308756     0.354424     0.049990     0.754134   3.940881
  16   16    16      2   1.359711     0.525091     0.588775   0.308756     0.354424     0.049990     0.754134   3.940881
  16   16    16      2   1.359711     0.525091     0.588775   0.308756     0.354424     0.049990     0.754134   3.940881
  16   16    16      2   1.359711     0.525091     0.588775   0.308756     0.354424     0.049990     0.754134   3.940881
  16   16    16      2   1.359711     0.525091     0.588775   0.308756     0.354424     0.049990     0.754134   3.940881
  45   45     1      4   8.037680     0.000000     1.743430   0.514053     0.000000     0.089403     0.137975  10.522541
  45   45     1      4   8.037680     0.000000     1.743430   0.514053     0.000000     0.089403     0.137975  10.522541
  45   45     1      4   8.037680     0.000000     1.743430   0.514053     0.000000     0.089403     0.137975  10.522541
  45   45     1      4   8.037680     0.000000     1.743430   0.514053     0.000000     0.089403     0.137975  10.522541
  45   45     1      4   8.037680     0.000000     1.743430   0.514053     0.000000     0.089403     0.137975  10.522541
  32   32     2      4   4.081733     0.446020     1.192321   0.440900     0.287956     0.079158     0.509423   7.037511
  32   32     2      4   4.081733     0.446020     1.192321   0.440900     0.287956     0.079158     0.509423   7.037511
  32   32     2      4   4.081733     0.446020     1.192321   0.440900     0.287956     0.079158     0.509423   7.037511
  32   32     2      4   4.081733     0.446020     1.192321   0.440900     0.287956     0.079158     0.509423   7.037511
  32   32     2      4   4.081733     0.446020     1.192321   0.440900     0.287956     0.079158     0.509423   7.037511
  22   22     4      4   1.951946     0.483843     0.937692   0.405094     0.284541     0.077942     0.938121   5.079178
  22   22     4      4   1.951946     0.483843     0.937692   0.405094     0.284541     0.077942     0.938121   5.079178
  22   22     4      4   1.951946     0.483843     0.937692   0.405094     0.284541     0.077942     0.938121   5.079178
  22   22     4      4   1.951946     0.483843     0.937692   0.405094     0.284541     0.077942     0.938121   5.079178
  22   22     4      4   1.951946     0.483843     0.937692   0.405094     0.284541     0.077942     0.938121   5.079178
  16   16     8      4   1.339089     0.653712     0.669895   0.335977     0.334768     0.065803     1.004835   4.404079
  16   16     8      4   1.339089     0.653712     0.669895   0.335977     0.334768     0.065803     1.004835   4.404079
  16   16     8      4   1.339089     0.653712     0.669895   0.335977     0.334768     0.065803     1.004835   4.404079
  16   16     8      4   1.339089     0.653712     0.669895   0.335977     0.334768     0.065803     1.004835   4.404079
  16   16     8      4   1.339089     0.653712     0.669895   0.335977     0.334768     0.065803     1.004835   4.404079
  13   13    12      4   1.289896     0.723879     0.573955   0.331591     0.369110     0.089196     0.540111   3.917738
  13   13    12      4   1.289896     0.723879     0.573955   0.331591     0.369110     0.089196     0.540111   3.917738
  13   13    12      4   1.289896     0.723879     0.573955   0.331591     0.369110     0.089196     0.540111   3.917738
  13   13    12      4   1.289896     0.723879     0.573955   0.331591     0.369110     0.089196     0.540111   3.917738
  13   13    12      4   1.289896     0.723879     0.573955   0.331591     0.369110     0.089196     0.540111   3.917738
  11   11    16      4   1.335616     0.691264     0.544760   0.387587     0.405775     0.089562     0.192532   3.647096
  11   11    16      4   1.335616     0.691264     0.544760   0.387587     0.405775     0.089562     0.192532   3.647096
  11   11    16      4   1.335616     0.691264     0.544760   0.387587     0.405775     0.089562     0.192532   3.647096
  11   11    16      4   1.335616     0.691264     0.544760   0.387587     0.405775     0.089562     0.192532   3.647096
  11   11    16      4   1.335616     0.691264     0.544760   0.387587     0.405775     0.089562     0.192532   3.647096
  32   32     1      8   7.549314     0.000000     1.462061   0.480690     0.000000     0.094590     0.201807   9.788462
  32   32     1      8   7.549314     0.000000     1.462061   0.480690     0.000000     0.094590     0.201807   9.788462
  32   32     1      8   7.549314     0.000000     1.462061   0.480690     0.000000     0.094590     0.201807   9.788462
  32   32     1      8   7.549314     0.000000     1.462061   0.480690     0.000000     0.094590     0.201807   9.788462
  32   32     1      8   7.549314     0.000000     1.462061   0.480690     0.000000     0.094590     0.201807   9.788462
  22   22     2      8   3.059675     1.020318     1.213280   0.490740     0.349211     0.124655     0.506488   6.764367
  22   22     2      8   3.059675     1.020318     1.213280   0.490740     0.349211     0.124655     0.506488   6.764367
  22   22     2      8   3.059675     1.020318     1.213280   0.490740     0.349211     0.124655     0.506488   6.764367
  22   22     2      8   3.059675     1.020318     1.213280   0.490740     0.349211     0.124655     0.506488   6.764367
  22   22     2      8   3.059675     1.020318     1.213280   0.490740     0.349211     0.124655     0.506488   6.764367
  16   16     4      8   1.821752     1.090902     0.988965   0.633753     0.408745     0.099297     0.801973   5.845388
  16   16     4      8   1.821752     1.090902     0.988965   0.633753     0.408745     0.099297     0.801973   5.845388
  16   16     4      8   1.821752     1.090902     0.988965   0.633753     0.408745     0.099297     0.801973   5.845388
  16   16     4      8   1.821752     1.090902     0.988965   0.633753     0.408745     0.099297     0.801973   5.845388
  16   16     4      8   1.821752     1.090902     0.988965   0.633753     0.408745     0.099297     0.801973   5.845388
  11   11     8      8   1.370418     1.098576     0.763709   0.509848     0.441018     0.100131     0.532581   4.816281
  11   11     8      8   1.370418     1.098576     0.763709   0.509848     0.441018     0.100131     0.532581   4.816281
  11   11     8      8   1.370418     1.098576     0.763709   0.509848     0.441018     0.100131     0.532581   4.816281
  11   11     8      8   1.370418     1.098576     0.763709   0.509848     0.441018     0.100131     0.532581   4.816281
  11   11     8      8   1.370418     1.098576     0.763709   0.509848     0.441018     0.100131     0.532581   4.816281
   9    9    12      8   1.111310     1.134848     0.620129   0.416554     0.407880     0.093972     0.652198   4.436891
   9    9    12      8   1.111310     1.134848     0.620129   0.416554     0.407880     0.093972     0.652198   4.436891
   9    9    12      8   1.111310     1.134848     0.620129   0.416554     0.407880     0.093972     0.652198   4.436891
   9    9    12      8   1.111310     1.134848     0.620129   0.416554     0.407880     0.093972     0.652198   4.436891
   9    9    12      8   1.111310     1.134848     0.620129   0.416554     0.407880     0.093972     0.652198   4.436891
   8    8    16      8   1.116325     0.882287     0.554584   0.411990     0.430329     0.089573     0.512389   3.997477
   8    8    16      8   1.116325     0.882287     0.554584   0.411990     0.430329     0.089573     0.512389   3.997477
   8    8    16      8   1.116325     0.882287     0.554584   0.411990     0.430329     0.089573     0.512389   3.997477
   8    8    16      8   1.116325     0.882287     0.554584   0.411990     0.430329     0.089573     0.512389   3.997477
   8    8    16      8   1.116325     0.882287     0.554584   0.411990     0.430329     0.089573     0.512389   3.997477
  22   22     1     16   6.400064     0.000000     1.947154   0.730890     0.000000     0.208914     0.320385   9.607407
  22   22     1     16   6.400064     0.000000     1.947154   0.730890     0.000000     0.208914     0.320385   9.607407
  22   22     1     16   6.400064     0.000000     1.947154   0.730890     0.000000     0.208914     0.320385   9.607407
  22   22     1     16   6.400064     0.000000     1.947154   0.730890     0.000000     0.208914     0.320385   9.607407
  22   22     1     16   6.400064     0.000000     1.947154   0.730890     0.000000     0.208914     0.320385   9.607407
  16   16     2     16   3.307749     1.228652     1.336978   0.556827     0.528803     0.154114     0.762576   7.875699
  16   16     2     16   3.307749     1.228652     1.336978   0.556827     0.528803     0.154114     0.762576   7.875699
  16   16     2     16   3.307749     1.228652     1.336978   0.556827     0.528803     0.154114     0.762576   7.875699
  16   16     2     16   3.307749     1.228652     1.336978   0.556827     0.528803     0.154114     0.762576   7.875699
  16   16     2     16   3.307749     1.228652     1.336978   0.556827     0.528803     0.154114     0.762576   7.875699
  11   11     4     16   1.914779     1.235472     1.143142   0.663669     0.546123     0.160640     0.840892   6.504717
  11   11     4     16   1.914779     1.235472     1.143142   0.663669     0.546123     0.160640     0.840892   6.504717
  11   11     4     16   1.914779     1.235472     1.143142   0.663669     0.546123     0.160640     0.840892   6.504717
  11   11     4     16   1.914779     1.235472     1.143142   0.663669     0.546123     0.160640     0.840892   6.504717
  11   11     4     16   1.914779     1.235472     1.143142   0.663669     0.546123     0.160640     0.840892   6.504717
   8    8     8     16   1.337942     1.305480     0.891868   0.625789     0.606861     0.162989     1.030019   5.960948
   8    8     8     16   1.337942     1.305480     0.891868   0.625789     0.606861     0.162989     1.030019   5.960948
   8    8     8     16   1.337942     1.305480     0.891868   0.625789     0.606861     0.162989     1.030019   5.960948
   8    8     8     16   1.337942     1.305480     0.891868   0.625789     0.606861     0.162989     1.030019   5.960948
   8    8     8     16   1.337942     1.305480     0.891868   0.625789     0.606861     0.162989     1.030019   5.960948
   6    6    12     16   1.283928     1.719467     0.797602   0.584338     0.638695     0.184284     0.732270   5.940584
   6    6    12     16   1.283928     1.719467     0.797602   0.584338     0.638695     0.184284     0.732270   5.940584
   6    6    12     16   1.283928     1.719467     0.797602   0.584338     0.638695     0.184284     0.732270   5.940584
   6    6    12     16   1.283928     1.719467     0.797602   0.584338     0.638695     0.184284     0.732270   5.940584
   6    6    12     16   1.283928     1.719467     0.797602   0.584338     0.638695     0.184284     0.732270   5.940584
   5    5    16     16   0.939615     1.736662     0.856817   0.712953     0.703177     0.199185     1.012560   6.160969
   5    5    16     16   0.939615     1.736662     0.856817   0.712953     0.703177     0.199185     1.012560   6.160969
   5    5    16     16   0.939615     1.736662     0.856817   0.712953     0.703177     0.199185     1.012560   6.160969
   5    5    16     16   0.939615     1.736662     0.856817   0.712953     0.703177     0.199185     1.012560   6.160969
   5    5    16     16   0.939615     1.736662     0.856817   0.712953     0.703177     0.199185     1.012560   6.160969
