  32   32     1      1   7.265361     0.000000     5.413020   1.725701     0.000000     0.346604     0.216058  14.966745
  32   32     1      1   7.265361     0.000000     5.413020   1.725701     0.000000     0.346604     0.216058  14.966745
  32   32     1      1   7.265361     0.000000     5.413020   1.725701     0.000000     0.346604     0.216058  14.966745
  32   32     1      1   7.265361     0.000000     5.413020   1.725701     0.000000     0.346604     0.216058  14.966745
  32   32     1      1   7.265361     0.000000     5.413020   1.725701     0.000000     0.346604     0.216058  14.966745
  22   22     2      1   2.956056     0.567957     4.071209   1.738957     1.122540     0.303718     0.966763  11.727200
  22   22     2      1   2.956056     0.567957     4.071209   1.738957     1.122540     0.303718     0.966763  11.727200
  22   22     2      1   2.956056     0.567957     4.071209   1.738957     1.122540     0.303718     0.966763  11.727200
  22   22     2      1   2.956056     0.567957     4.071209   1.738957     1.122540     0.303718     0.966763  11.727200
  22   22     2      1   2.956056     0.567957     4.071209   1.738957     1.122540     0.303718     0.966763  11.727200
  16   16     4      1   1.786271     0.540135     2.906635   1.448157     1.193046     0.314889     0.751953   8.941087
  16   16     4      1   1.786271     0.540135     2.906635   1.448157     1.193046     0.314889     0.751953   8.941087
  16   16     4      1   1.786271     0.540135     2.906635   1.448157     1.193046     0.314889     0.751953   8.941087
  16   16     4      1   1.786271     0.540135     2.906635   1.448157     1.193046     0.314889     0.751953   8.941087
  16   16     4      1   1.786271     0.540135     2.906635   1.448157     1.193046     0.314889     0.751953   8.941087
  11   11     8      1   1.082572     0.759137     2.275858   1.378519     1.525432     0.339074     1.034422   8.395014
  11   11     8      1   1.082572     0.759137     2.275858   1.378519     1.525432     0.339074     1.034422   8.395014
  11   11     8      1   1.082572     0.759137     2.275858   1.378519     1.525432     0.339074     1.034422   8.395014
  11   11     8      1   1.082572     0.759137     2.275858   1.378519     1.525432     0.339074     1.034422   8.395014
  11   11     8      1   1.082572     0.759137     2.275858   1.378519     1.525432     0.339074     1.034422   8.395014
   9    9    12      1   0.845376     0.882049     1.991821   1.351680     1.497293     0.329244     1.047882   7.945345
   9    9    12      1   0.845376     0.882049     1.991821   1.351680     1.497293     0.329244     1.047882   7.945345
   9    9    12      1   0.845376     0.882049     1.991821   1.351680     1.497293     0.329244     1.047882   7.945345
   9    9    12      1   0.845376     0.882049     1.991821   1.351680     1.497293     0.329244     1.047882   7.945345
   9    9    12      1   0.845376     0.882049     1.991821   1.351680     1.497293     0.329244     1.047882   7.945345
   8    8    16      1   0.542785     1.940650     2.048366   1.411208     1.801902     0.381075     1.634228   9.760214
   8    8    16      1   0.542785     1.940650     2.048366   1.411208     1.801902     0.381075     1.634228   9.760214
   8    8    16      1   0.542785     1.940650     2.048366   1.411208     1.801902     0.381075     1.634228   9.760214
   8    8    16      1   0.542785     1.940650     2.048366   1.411208     1.801902     0.381075     1.634228   9.760214
   8    8    16      1   0.542785     1.940650     2.048366   1.411208     1.801902     0.381075     1.634228   9.760214
  22   22     1      2   5.806537     0.000000     4.634443   1.737479     0.000000     0.378410     0.356743  12.913613
  22   22     1      2   5.806537     0.000000     4.634443   1.737479     0.000000     0.378410     0.356743  12.913613
  22   22     1      2   5.806537     0.000000     4.634443   1.737479     0.000000     0.378410     0.356743  12.913613
  22   22     1      2   5.806537     0.000000     4.634443   1.737479     0.000000     0.378410     0.356743  12.913613
  22   22     1      2   5.806537     0.000000     4.634443   1.737479     0.000000     0.378410     0.356743  12.913613
  16   16     2      2   2.534326     1.194981     3.745321   1.845739     1.303231     0.373009     0.481929  11.478536
  16   16     2      2   2.534326     1.194981     3.745321   1.845739     1.303231     0.373009     0.481929  11.478536
  16   16     2      2   2.534326     1.194981     3.745321   1.845739     1.303231     0.373009     0.481929  11.478536
  16   16     2      2   2.534326     1.194981     3.745321   1.845739     1.303231     0.373009     0.481929  11.478536
  16   16     2      2   2.534326     1.194981     3.745321   1.845739     1.303231     0.373009     0.481929  11.478536
  11   11     4      2   1.598918     1.316016     2.823917   1.481783     1.438597     0.349467     0.759508   9.768206
  11   11     4      2   1.598918     1.316016     2.823917   1.481783     1.438597     0.349467     0.759508   9.768206
  11   11     4      2   1.598918     1.316016     2.823917   1.481783     1.438597     0.349467     0.759508   9.768206
  11   11     4      2   1.598918     1.316016     2.823917   1.481783     1.438597     0.349467     0.759508   9.768206
  11   11     4      2   1.598918     1.316016     2.823917   1.481783     1.438597     0.349467     0.759508   9.768206
   8    8     8      2   1.122658     1.494333     1.781805   1.105294     1.368873     0.294997     1.093618   8.261578
   8    8     8      2   1.122658     1.494333     1.781805   1.105294     1.368873     0.294997     1.093618   8.261578
   8    8     8      2   1.122658     1.494333     1.781805   1.105294     1.368873     0.294997     1.093618   8.261578
   8    8     8      2   1.122658     1.494333     1.781805   1.105294     1.368873     0.294997     1.093618   8.261578
   8    8     8      2   1.122658     1.494333     1.781805   1.105294     1.368873     0.294997     1.093618   8.261578
   6    6    12      2   0.919189     2.087758     2.253129   1.508431     1.687525     0.341830     0.802469   9.600332
   6    6    12      2   0.919189     2.087758     2.253129   1.508431     1.687525     0.341830     0.802469   9.600332
   6    6    12      2   0.919189     2.087758     2.253129   1.508431     1.687525     0.341830     0.802469   9.600332
   6    6    12      2   0.919189     2.087758     2.253129   1.508431     1.687525     0.341830     0.802469   9.600332
   6    6    12      2   0.919189     2.087758     2.253129   1.508431     1.687525     0.341830     0.802469   9.600332
   5    5    16      2   0.795628     2.698117     1.888950   1.427134     1.827128     0.405642     2.064734  11.107333
   5    5    16      2   0.795628     2.698117     1.888950   1.427134     1.827128     0.405642     2.064734  11.107333
   5    5    16      2   0.795628     2.698117     1.888950   1.427134     1.827128     0.405642     2.064734  11.107333
   5    5    16      2   0.795628     2.698117     1.888950   1.427134     1.827128     0.405642     2.064734  11.107333
   5    5    16      2   0.795628     2.698117     1.888950   1.427134     1.827128     0.405642     2.064734  11.107333
  16   16     1      4   6.881630     0.000000     4.346363   1.625871     0.000000     0.339775     0.256319  13.449958
  16   16     1      4   6.881630     0.000000     4.346363   1.625871     0.000000     0.339775     0.256319  13.449958
  16   16     1      4   6.881630     0.000000     4.346363   1.625871     0.000000     0.339775     0.256319  13.449958
  16   16     1      4   6.881630     0.000000     4.346363   1.625871     0.000000     0.339775     0.256319  13.449958
  16   16     1      4   6.881630     0.000000     4.346363   1.625871     0.000000     0.339775     0.256319  13.449958
  11   11     2      4   2.951142     1.780130     3.050143   1.606578     1.249578     0.351676     0.844309  11.833555
  11   11     2      4   2.951142     1.780130     3.050143   1.606578     1.249578     0.351676     0.844309  11.833555
  11   11     2      4   2.951142     1.780130     3.050143   1.606578     1.249578     0.351676     0.844309  11.833555
  11   11     2      4   2.951142     1.780130     3.050143   1.606578     1.249578     0.351676     0.844309  11.833555
  11   11     2      4   2.951142     1.780130     3.050143   1.606578     1.249578     0.351676     0.844309  11.833555
   8    8     4      4   1.440603     2.118151     2.201059   1.369789     1.242116     0.307598     1.530407  10.209723
   8    8     4      4   1.440603     2.118151     2.201059   1.369789     1.242116     0.307598     1.530407  10.209723
   8    8     4      4   1.440603     2.118151     2.201059   1.369789     1.242116     0.307598     1.530407  10.209723
   8    8     4      4   1.440603     2.118151     2.201059   1.369789     1.242116     0.307598     1.530407  10.209723
   8    8     4      4   1.440603     2.118151     2.201059   1.369789     1.242116     0.307598     1.530407  10.209723
   5    5     8      4   0.818483     3.181375     2.603118   1.777940     2.045735     0.442174     1.622318  12.491143
   5    5     8      4   0.818483     3.181375     2.603118   1.777940     2.045735     0.442174     1.622318  12.491143
   5    5     8      4   0.818483     3.181375     2.603118   1.777940     2.045735     0.442174     1.622318  12.491143
   5    5     8      4   0.818483     3.181375     2.603118   1.777940     2.045735     0.442174     1.622318  12.491143
   5    5     8      4   0.818483     3.181375     2.603118   1.777940     2.045735     0.442174     1.622318  12.491143
   4    4    12      4   0.982721     4.038324     2.107616   1.737527     2.165714     0.449806     1.102994  12.584703
   4    4    12      4   0.982721     4.038324     2.107616   1.737527     2.165714     0.449806     1.102994  12.584703
   4    4    12      4   0.982721     4.038324     2.107616   1.737527     2.165714     0.449806     1.102994  12.584703
   4    4    12      4   0.982721     4.038324     2.107616   1.737527     2.165714     0.449806     1.102994  12.584703
   4    4    12      4   0.982721     4.038324     2.107616   1.737527     2.165714     0.449806     1.102994  12.584703
   4    4    16      4   0.791312     2.665707     1.733965   1.452793     1.572706     0.276856     1.349713   9.843052
   4    4    16      4   0.791312     2.665707     1.733965   1.452793     1.572706     0.276856     1.349713   9.843052
   4    4    16      4   0.791312     2.665707     1.733965   1.452793     1.572706     0.276856     1.349713   9.843052
   4    4    16      4   0.791312     2.665707     1.733965   1.452793     1.572706     0.276856     1.349713   9.843052
   4    4    16      4   0.791312     2.665707     1.733965   1.452793     1.572706     0.276856     1.349713   9.843052
  11   11     1      8   7.613767     0.000000     3.884663   1.879218     0.000000     0.370819     0.583149  14.331616
  11   11     1      8   7.613767     0.000000     3.884663   1.879218     0.000000     0.370819     0.583149  14.331616
  11   11     1      8   7.613767     0.000000     3.884663   1.879218     0.000000     0.370819     0.583149  14.331616
  11   11     1      8   7.613767     0.000000     3.884663   1.879218     0.000000     0.370819     0.583149  14.331616
  11   11     1      8   7.613767     0.000000     3.884663   1.879218     0.000000     0.370819     0.583149  14.331616
   8    8     2      8   2.069892     4.056135     3.185951   1.937240     1.431722     0.384975     1.442610  14.508525
   8    8     2      8   2.069892     4.056135     3.185951   1.937240     1.431722     0.384975     1.442610  14.508525
   8    8     2      8   2.069892     4.056135     3.185951   1.937240     1.431722     0.384975     1.442610  14.508525
   8    8     2      8   2.069892     4.056135     3.185951   1.937240     1.431722     0.384975     1.442610  14.508525
   8    8     2      8   2.069892     4.056135     3.185951   1.937240     1.431722     0.384975     1.442610  14.508525
   5    5     4      8   1.871164     5.033083     2.964174   1.950077     2.003867     0.432869     1.282314  15.537548
   5    5     4      8   1.871164     5.033083     2.964174   1.950077     2.003867     0.432869     1.282314  15.537548
   5    5     4      8   1.871164     5.033083     2.964174   1.950077     2.003867     0.432869     1.282314  15.537548
   5    5     4      8   1.871164     5.033083     2.964174   1.950077     2.003867     0.432869     1.282314  15.537548
   5    5     4      8   1.871164     5.033083     2.964174   1.950077     2.003867     0.432869     1.282314  15.537548
   4    4     8      8   0.793367     3.839889     2.311825   1.706675     1.713066     0.367678     1.287625  12.020125
   4    4     8      8   0.793367     3.839889     2.311825   1.706675     1.713066     0.367678     1.287625  12.020125
   4    4     8      8   0.793367     3.839889     2.311825   1.706675     1.713066     0.367678     1.287625  12.020125
   4    4     8      8   0.793367     3.839889     2.311825   1.706675     1.713066     0.367678     1.287625  12.020125
   4    4     8      8   0.793367     3.839889     2.311825   1.706675     1.713066     0.367678     1.287625  12.020125
   3    3    12      8   0.707565     4.620911     2.320859   1.550609     2.080723     0.420097     1.599140  13.299904
   3    3    12      8   0.707565     4.620911     2.320859   1.550609     2.080723     0.420097     1.599140  13.299904
   3    3    12      8   0.707565     4.620911     2.320859   1.550609     2.080723     0.420097     1.599140  13.299904
   3    3    12      8   0.707565     4.620911     2.320859   1.550609     2.080723     0.420097     1.599140  13.299904
   3    3    12      8   0.707565     4.620911     2.320859   1.550609     2.080723     0.420097     1.599140  13.299904
   2    2    16      8   0.702513     7.327201     3.406251   2.663242     3.701266     0.695002     2.347676  20.843151
   2    2    16      8   0.702513     7.327201     3.406251   2.663242     3.701266     0.695002     2.347676  20.843151
   2    2    16      8   0.702513     7.327201     3.406251   2.663242     3.701266     0.695002     2.347676  20.843151
   2    2    16      8   0.702513     7.327201     3.406251   2.663242     3.701266     0.695002     2.347676  20.843151
   2    2    16      8   0.702513     7.327201     3.406251   2.663242     3.701266     0.695002     2.347676  20.843151
   8    8     1     16   5.263196     0.000000     4.314906   2.334445     0.000000     0.613343     0.497723  13.023613
   8    8     1     16   5.263196     0.000000     4.314906   2.334445     0.000000     0.613343     0.497723  13.023613
   8    8     1     16   5.263196     0.000000     4.314906   2.334445     0.000000     0.613343     0.497723  13.023613
   8    8     1     16   5.263196     0.000000     4.314906   2.334445     0.000000     0.613343     0.497723  13.023613
   8    8     1     16   5.263196     0.000000     4.314906   2.334445     0.000000     0.613343     0.497723  13.023613
   5    5     2     16   3.479094     6.225870     4.554966   3.218226     2.815579     0.765740     1.501332  22.560807
   5    5     2     16   3.479094     6.225870     4.554966   3.218226     2.815579     0.765740     1.501332  22.560807
   5    5     2     16   3.479094     6.225870     4.554966   3.218226     2.815579     0.765740     1.501332  22.560807
   5    5     2     16   3.479094     6.225870     4.554966   3.218226     2.815579     0.765740     1.501332  22.560807
   5    5     2     16   3.479094     6.225870     4.554966   3.218226     2.815579     0.765740     1.501332  22.560807
   4    4     4     16   2.095187     4.685864     2.885112   2.140418     2.252782     0.595935     1.550598  16.205896
   4    4     4     16   2.095187     4.685864     2.885112   2.140418     2.252782     0.595935     1.550598  16.205896
   4    4     4     16   2.095187     4.685864     2.885112   2.140418     2.252782     0.595935     1.550598  16.205896
   4    4     4     16   2.095187     4.685864     2.885112   2.140418     2.252782     0.595935     1.550598  16.205896
   4    4     4     16   2.095187     4.685864     2.885112   2.140418     2.252782     0.595935     1.550598  16.205896
   2    2     8     16   1.238241     9.758041     5.414356   4.703921     5.302044     1.281198     1.899111  29.596912
   2    2     8     16   1.238241     9.758041     5.414356   4.703921     5.302044     1.281198     1.899111  29.596912
   2    2     8     16   1.238241     9.758041     5.414356   4.703921     5.302044     1.281198     1.899111  29.596912
   2    2     8     16   1.238241     9.758041     5.414356   4.703921     5.302044     1.281198     1.899111  29.596912
   2    2     8     16   1.238241     9.758041     5.414356   4.703921     5.302044     1.281198     1.899111  29.596912
   2    2    12     16   0.862411     6.755008     3.377727   3.137596     3.412014     0.832193     1.727032  20.103981
   2    2    12     16   0.862411     6.755008     3.377727   3.137596     3.412014     0.832193     1.727032  20.103981
   2    2    12     16   0.862411     6.755008     3.377727   3.137596     3.412014     0.832193     1.727032  20.103981
   2    2    12     16   0.862411     6.755008     3.377727   3.137596     3.412014     0.832193     1.727032  20.103981
   2    2    12     16   0.862411     6.755008     3.377727   3.137596     3.412014     0.832193     1.727032  20.103981
   2    2    16     16   0.654537     5.224435     2.301829   2.172863     2.620838     0.609259     1.521393  15.105154
   2    2    16     16   0.654537     5.224435     2.301829   2.172863     2.620838     0.609259     1.521393  15.105154
   2    2    16     16   0.654537     5.224435     2.301829   2.172863     2.620838     0.609259     1.521393  15.105154
   2    2    16     16   0.654537     5.224435     2.301829   2.172863     2.620838     0.609259     1.521393  15.105154
   2    2    16     16   0.654537     5.224435     2.301829   2.172863     2.620838     0.609259     1.521393  15.105154
