  32   32     1      1   5.328818     0.000000     2.218712   0.807966     0.000000     0.159823     0.076939   8.592258
  32   32     1      1   5.328818     0.000000     2.218712   0.807966     0.000000     0.159823     0.076939   8.592258
  32   32     1      1   5.328818     0.000000     2.218712   0.807966     0.000000     0.159823     0.076939   8.592258
  32   32     1      1   5.328818     0.000000     2.218712   0.807966     0.000000     0.159823     0.076939   8.592258
  32   32     1      1   5.328818     0.000000     2.218712   0.807966     0.000000     0.159823     0.076939   8.592258
  22   22     2      1   3.381982     0.287187     1.646219   0.758103     0.582878     0.159202     0.446289   7.261860
  22   22     2      1   3.381982     0.287187     1.646219   0.758103     0.582878     0.159202     0.446289   7.261860
  22   22     2      1   3.381982     0.287187     1.646219   0.758103     0.582878     0.159202     0.446289   7.261860
  22   22     2      1   3.381982     0.287187     1.646219   0.758103     0.582878     0.159202     0.446289   7.261860
  22   22     2      1   3.381982     0.287187     1.646219   0.758103     0.582878     0.159202     0.446289   7.261860
  16   16     4      1   2.264227     0.315924     1.215336   0.717408     0.583169     0.128796     0.679089   5.903949
  16   16     4      1   2.264227     0.315924     1.215336   0.717408     0.583169     0.128796     0.679089   5.903949
  16   16     4      1   2.264227     0.315924     1.215336   0.717408     0.583169     0.128796     0.679089   5.903949
  16   16     4      1   2.264227     0.315924     1.215336   0.717408     0.583169     0.128796     0.679089   5.903949
  16   16     4      1   2.264227     0.315924     1.215336   0.717408     0.583169     0.128796     0.679089   5.903949
  11   11     8      1   1.338742     0.306579     1.125217   0.820350     0.644855     0.134858     1.026723   5.397325
  11   11     8      1   1.338742     0.306579     1.125217   0.820350     0.644855     0.134858     1.026723   5.397325
  11   11     8      1   1.338742     0.306579     1.125217   0.820350     0.644855     0.134858     1.026723   5.397325
  11   11     8      1   1.338742     0.306579     1.125217   0.820350     0.644855     0.134858     1.026723   5.397325
  11   11     8      1   1.338742     0.306579     1.125217   0.820350     0.644855     0.134858     1.026723   5.397325
   9    9    12      1   1.573188     0.595203     0.849298   0.652669     0.697236     0.147104     0.995740   5.510438
   9    9    12      1   1.573188     0.595203     0.849298   0.652669     0.697236     0.147104     0.995740   5.510438
   9    9    12      1   1.573188     0.595203     0.849298   0.652669     0.697236     0.147104     0.995740   5.510438
   9    9    12      1   1.573188     0.595203     0.849298   0.652669     0.697236     0.147104     0.995740   5.510438
   9    9    12      1   1.573188     0.595203     0.849298   0.652669     0.697236     0.147104     0.995740   5.510438
   8    8    16      1   1.412168     0.557283     0.688992   0.510664     0.620787     0.058183     0.874133   4.722210
   8    8    16      1   1.412168     0.557283     0.688992   0.510664     0.620787     0.058183     0.874133   4.722210
   8    8    16      1   1.412168     0.557283     0.688992   0.510664     0.620787     0.058183     0.874133   4.722210
   8    8    16      1   1.412168     0.557283     0.688992   0.510664     0.620787     0.058183     0.874133   4.722210
   8    8    16      1   1.412168     0.557283     0.688992   0.510664     0.620787     0.058183     0.874133   4.722210
  22   22     1      2   4.698153     0.000000     1.965841   0.813095     0.000000     0.171674     0.235815   7.884578
  22   22     1      2   4.698153     0.000000     1.965841   0.813095     0.000000     0.171674     0.235815   7.884578
  22   22     1      2   4.698153     0.000000     1.965841   0.813095     0.000000     0.171674     0.235815   7.884578
  22   22     1      2   4.698153     0.000000     1.965841   0.813095     0.000000     0.171674     0.235815   7.884578
  22   22     1      2   4.698153     0.000000     1.965841   0.813095     0.000000     0.171674     0.235815   7.884578
  16   16     2      2   2.693996     0.500819     1.432518   0.807211     0.538039     0.159617     0.556235   6.688435
  16   16     2      2   2.693996     0.500819     1.432518   0.807211     0.538039     0.159617     0.556235   6.688435
  16   16     2      2   2.693996     0.500819     1.432518   0.807211     0.538039     0.159617     0.556235   6.688435
  16   16     2      2   2.693996     0.500819     1.432518   0.807211     0.538039     0.159617     0.556235   6.688435
  16   16     2      2   2.693996     0.500819     1.432518   0.807211     0.538039     0.159617     0.556235   6.688435
  11   11     4      2   1.862415     0.575218     1.166199   0.776269     0.702728     0.168899     0.950417   6.202145
  11   11     4      2   1.862415     0.575218     1.166199   0.776269     0.702728     0.168899     0.950417   6.202145
  11   11     4      2   1.862415     0.575218     1.166199   0.776269     0.702728     0.168899     0.950417   6.202145
  11   11     4      2   1.862415     0.575218     1.166199   0.776269     0.702728     0.168899     0.950417   6.202145
  11   11     4      2   1.862415     0.575218     1.166199   0.776269     0.702728     0.168899     0.950417   6.202145
   8    8     8      2   0.989860     0.627740     0.804036   0.604506     0.655725     0.141044     1.001482   4.824393
   8    8     8      2   0.989860     0.627740     0.804036   0.604506     0.655725     0.141044     1.001482   4.824393
   8    8     8      2   0.989860     0.627740     0.804036   0.604506     0.655725     0.141044     1.001482   4.824393
   8    8     8      2   0.989860     0.627740     0.804036   0.604506     0.655725     0.141044     1.001482   4.824393
   8    8     8      2   0.989860     0.627740     0.804036   0.604506     0.655725     0.141044     1.001482   4.824393
   6    6    12      2   0.890113     0.982919     0.990809   0.747132     0.716077     0.166781     1.114982   5.608812
   6    6    12      2   0.890113     0.982919     0.990809   0.747132     0.716077     0.166781     1.114982   5.608812
   6    6    12      2   0.890113     0.982919     0.990809   0.747132     0.716077     0.166781     1.114982   5.608812
   6    6    12      2   0.890113     0.982919     0.990809   0.747132     0.716077     0.166781     1.114982   5.608812
   6    6    12      2   0.890113     0.982919     0.990809   0.747132     0.716077     0.166781     1.114982   5.608812
   5    5    16      2   0.769990     1.149781     0.963061   0.734407     0.909877     0.189824     0.666915   5.383855
   5    5    16      2   0.769990     1.149781     0.963061   0.734407     0.909877     0.189824     0.666915   5.383855
   5    5    16      2   0.769990     1.149781     0.963061   0.734407     0.909877     0.189824     0.666915   5.383855
   5    5    16      2   0.769990     1.149781     0.963061   0.734407     0.909877     0.189824     0.666915   5.383855
   5    5    16      2   0.769990     1.149781     0.963061   0.734407     0.909877     0.189824     0.666915   5.383855
  16   16     1      4   4.348861     0.000000     1.676541   0.783846     0.000000     0.165407     0.139344   7.113999
  16   16     1      4   4.348861     0.000000     1.676541   0.783846     0.000000     0.165407     0.139344   7.113999
  16   16     1      4   4.348861     0.000000     1.676541   0.783846     0.000000     0.165407     0.139344   7.113999
  16   16     1      4   4.348861     0.000000     1.676541   0.783846     0.000000     0.165407     0.139344   7.113999
  16   16     1      4   4.348861     0.000000     1.676541   0.783846     0.000000     0.165407     0.139344   7.113999
  11   11     2      4   2.980984     0.880207     1.450948   0.811862     0.570856     0.157816     0.460490   7.313163
  11   11     2      4   2.980984     0.880207     1.450948   0.811862     0.570856     0.157816     0.460490   7.313163
  11   11     2      4   2.980984     0.880207     1.450948   0.811862     0.570856     0.157816     0.460490   7.313163
  11   11     2      4   2.980984     0.880207     1.450948   0.811862     0.570856     0.157816     0.460490   7.313163
  11   11     2      4   2.980984     0.880207     1.450948   0.811862     0.570856     0.157816     0.460490   7.313163
   8    8     4      4   1.280237     0.889059     1.009311   0.689473     0.622500     0.154808     0.918643   5.564032
   8    8     4      4   1.280237     0.889059     1.009311   0.689473     0.622500     0.154808     0.918643   5.564032
   8    8     4      4   1.280237     0.889059     1.009311   0.689473     0.622500     0.154808     0.918643   5.564032
   8    8     4      4   1.280237     0.889059     1.009311   0.689473     0.622500     0.154808     0.918643   5.564032
   8    8     4      4   1.280237     0.889059     1.009311   0.689473     0.622500     0.154808     0.918643   5.564032
   5    5     8      4   1.294979     1.682088     1.068673   0.896653     0.844577     0.189021     0.484255   6.460247
   5    5     8      4   1.294979     1.682088     1.068673   0.896653     0.844577     0.189021     0.484255   6.460247
   5    5     8      4   1.294979     1.682088     1.068673   0.896653     0.844577     0.189021     0.484255   6.460247
   5    5     8      4   1.294979     1.682088     1.068673   0.896653     0.844577     0.189021     0.484255   6.460247
   5    5     8      4   1.294979     1.682088     1.068673   0.896653     0.844577     0.189021     0.484255   6.460247
   4    4    12      4   0.489528     1.984743     1.086923   0.788677     0.924142     0.181742     1.425627   6.881382
   4    4    12      4   0.489528     1.984743     1.086923   0.788677     0.924142     0.181742     1.425627   6.881382
   4    4    12      4   0.489528     1.984743     1.086923   0.788677     0.924142     0.181742     1.425627   6.881382
   4    4    12      4   0.489528     1.984743     1.086923   0.788677     0.924142     0.181742     1.425627   6.881382
   4    4    12      4   0.489528     1.984743     1.086923   0.788677     0.924142     0.181742     1.425627   6.881382
   4    4    16      4   0.659568     1.632049     0.650315   0.564089     0.938842     0.171620     0.807564   5.424047
   4    4    16      4   0.659568     1.632049     0.650315   0.564089     0.938842     0.171620     0.807564   5.424047
   4    4    16      4   0.659568     1.632049     0.650315   0.564089     0.938842     0.171620     0.807564   5.424047
   4    4    16      4   0.659568     1.632049     0.650315   0.564089     0.938842     0.171620     0.807564   5.424047
   4    4    16      4   0.659568     1.632049     0.650315   0.564089     0.938842     0.171620     0.807564   5.424047
  11   11     1      8   4.675207     0.000000     1.750101   0.815926     0.000000     0.166930     0.419227   7.827391
  11   11     1      8   4.675207     0.000000     1.750101   0.815926     0.000000     0.166930     0.419227   7.827391
  11   11     1      8   4.675207     0.000000     1.750101   0.815926     0.000000     0.166930     0.419227   7.827391
  11   11     1      8   4.675207     0.000000     1.750101   0.815926     0.000000     0.166930     0.419227   7.827391
  11   11     1      8   4.675207     0.000000     1.750101   0.815926     0.000000     0.166930     0.419227   7.827391
   8    8     2      8   1.629511     1.779503     1.355217   0.828386     0.641758     0.174987     0.976288   7.385650
   8    8     2      8   1.629511     1.779503     1.355217   0.828386     0.641758     0.174987     0.976288   7.385650
   8    8     2      8   1.629511     1.779503     1.355217   0.828386     0.641758     0.174987     0.976288   7.385650
   8    8     2      8   1.629511     1.779503     1.355217   0.828386     0.641758     0.174987     0.976288   7.385650
   8    8     2      8   1.629511     1.779503     1.355217   0.828386     0.641758     0.174987     0.976288   7.385650
   5    5     4      8   1.024678     2.490841     1.417104   1.034833     0.905211     0.208395     0.916304   7.997366
   5    5     4      8   1.024678     2.490841     1.417104   1.034833     0.905211     0.208395     0.916304   7.997366
   5    5     4      8   1.024678     2.490841     1.417104   1.034833     0.905211     0.208395     0.916304   7.997366
   5    5     4      8   1.024678     2.490841     1.417104   1.034833     0.905211     0.208395     0.916304   7.997366
   5    5     4      8   1.024678     2.490841     1.417104   1.034833     0.905211     0.208395     0.916304   7.997366
   4    4     8      8   0.598561     1.984366     1.044591   0.861326     0.851805     0.172482     0.942018   6.455149
   4    4     8      8   0.598561     1.984366     1.044591   0.861326     0.851805     0.172482     0.942018   6.455149
   4    4     8      8   0.598561     1.984366     1.044591   0.861326     0.851805     0.172482     0.942018   6.455149
   4    4     8      8   0.598561     1.984366     1.044591   0.861326     0.851805     0.172482     0.942018   6.455149
   4    4     8      8   0.598561     1.984366     1.044591   0.861326     0.851805     0.172482     0.942018   6.455149
   3    3    12      8   0.701991     2.252549     1.019652   0.717861     0.899954     0.185251     1.032740   6.809998
   3    3    12      8   0.701991     2.252549     1.019652   0.717861     0.899954     0.185251     1.032740   6.809998
   3    3    12      8   0.701991     2.252549     1.019652   0.717861     0.899954     0.185251     1.032740   6.809998
   3    3    12      8   0.701991     2.252549     1.019652   0.717861     0.899954     0.185251     1.032740   6.809998
   3    3    12      8   0.701991     2.252549     1.019652   0.717861     0.899954     0.185251     1.032740   6.809998
   2    2    16      8   0.528572     5.054279     1.563310   1.019727     1.558741     0.338965     2.690940  12.754534
   2    2    16      8   0.528572     5.054279     1.563310   1.019727     1.558741     0.338965     2.690940  12.754534
   2    2    16      8   0.528572     5.054279     1.563310   1.019727     1.558741     0.338965     2.690940  12.754534
   2    2    16      8   0.528572     5.054279     1.563310   1.019727     1.558741     0.338965     2.690940  12.754534
   2    2    16      8   0.528572     5.054279     1.563310   1.019727     1.558741     0.338965     2.690940  12.754534
   8    8     1     16   3.435936     0.000000     1.954777   1.060751     0.000000     0.305729     0.395472   7.152664
   8    8     1     16   3.435936     0.000000     1.954777   1.060751     0.000000     0.305729     0.395472   7.152664
   8    8     1     16   3.435936     0.000000     1.954777   1.060751     0.000000     0.305729     0.395472   7.152664
   8    8     1     16   3.435936     0.000000     1.954777   1.060751     0.000000     0.305729     0.395472   7.152664
   8    8     1     16   3.435936     0.000000     1.954777   1.060751     0.000000     0.305729     0.395472   7.152664
   5    5     2     16   2.337163     4.950774     1.900753   1.302837     1.582990     0.436010     1.319815  13.830342
   5    5     2     16   2.337163     4.950774     1.900753   1.302837     1.582990     0.436010     1.319815  13.830342
   5    5     2     16   2.337163     4.950774     1.900753   1.302837     1.582990     0.436010     1.319815  13.830342
   5    5     2     16   2.337163     4.950774     1.900753   1.302837     1.582990     0.436010     1.319815  13.830342
   5    5     2     16   2.337163     4.950774     1.900753   1.302837     1.582990     0.436010     1.319815  13.830342
   4    4     4     16   0.839708     2.398553     1.305542   0.914201     0.955174     0.284396     1.461165   8.158739
   4    4     4     16   0.839708     2.398553     1.305542   0.914201     0.955174     0.284396     1.461165   8.158739
   4    4     4     16   0.839708     2.398553     1.305542   0.914201     0.955174     0.284396     1.461165   8.158739
   4    4     4     16   0.839708     2.398553     1.305542   0.914201     0.955174     0.284396     1.461165   8.158739
   4    4     4     16   0.839708     2.398553     1.305542   0.914201     0.955174     0.284396     1.461165   8.158739
   2    2     8     16   1.085813     6.016774     2.607487   2.290038     2.497995     0.684610     1.713375  16.896092
   2    2     8     16   1.085813     6.016774     2.607487   2.290038     2.497995     0.684610     1.713375  16.896092
   2    2     8     16   1.085813     6.016774     2.607487   2.290038     2.497995     0.684610     1.713375  16.896092
   2    2     8     16   1.085813     6.016774     2.607487   2.290038     2.497995     0.684610     1.713375  16.896092
   2    2     8     16   1.085813     6.016774     2.607487   2.290038     2.497995     0.684610     1.713375  16.896092
   2    2    12     16   0.636988     4.401323     1.664759   1.625062     1.631602     0.418280     1.958420  12.336434
   2    2    12     16   0.636988     4.401323     1.664759   1.625062     1.631602     0.418280     1.958420  12.336434
   2    2    12     16   0.636988     4.401323     1.664759   1.625062     1.631602     0.418280     1.958420  12.336434
   2    2    12     16   0.636988     4.401323     1.664759   1.625062     1.631602     0.418280     1.958420  12.336434
   2    2    12     16   0.636988     4.401323     1.664759   1.625062     1.631602     0.418280     1.958420  12.336434
   2    2    16     16   0.305344     3.010251     0.995392   0.804641     1.088654     0.284287     1.634799   8.123368
   2    2    16     16   0.305344     3.010251     0.995392   0.804641     1.088654     0.284287     1.634799   8.123368
   2    2    16     16   0.305344     3.010251     0.995392   0.804641     1.088654     0.284287     1.634799   8.123368
   2    2    16     16   0.305344     3.010251     0.995392   0.804641     1.088654     0.284287     1.634799   8.123368
   2    2    16     16   0.305344     3.010251     0.995392   0.804641     1.088654     0.284287     1.634799   8.123368
