  32   32     1      1  17.178345     0.000000    12.320400   3.240379     0.000000     0.659072     0.389542  33.787737
  32   32     1      1  17.178345     0.000000    12.320400   3.240379     0.000000     0.659072     0.389542  33.787737
  32   32     1      1  17.178345     0.000000    12.320400   3.240379     0.000000     0.659072     0.389542  33.787737
  32   32     1      1  17.178345     0.000000    12.320400   3.240379     0.000000     0.659072     0.389542  33.787737
  32   32     1      1  17.178345     0.000000    12.320400   3.240379     0.000000     0.659072     0.389542  33.787737
  22   22     2      1   6.271176     1.105089     9.087881   3.344318     2.478329     0.702865     1.537210  24.526868
  22   22     2      1   6.271176     1.105089     9.087881   3.344318     2.478329     0.702865     1.537210  24.526868
  22   22     2      1   6.271176     1.105089     9.087881   3.344318     2.478329     0.702865     1.537210  24.526868
  22   22     2      1   6.271176     1.105089     9.087881   3.344318     2.478329     0.702865     1.537210  24.526868
  22   22     2      1   6.271176     1.105089     9.087881   3.344318     2.478329     0.702865     1.537210  24.526868
  16   16     4      1   3.464227     1.195720     6.515486   2.784859     2.513376     0.634456     2.492312  19.600436
  16   16     4      1   3.464227     1.195720     6.515486   2.784859     2.513376     0.634456     2.492312  19.600436
  16   16     4      1   3.464227     1.195720     6.515486   2.784859     2.513376     0.634456     2.492312  19.600436
  16   16     4      1   3.464227     1.195720     6.515486   2.784859     2.513376     0.634456     2.492312  19.600436
  16   16     4      1   3.464227     1.195720     6.515486   2.784859     2.513376     0.634456     2.492312  19.600436
  11   11     8      1   1.982701     1.833351     5.178428   2.695347     3.109976     0.691196     2.047421  17.538420
  11   11     8      1   1.982701     1.833351     5.178428   2.695347     3.109976     0.691196     2.047421  17.538420
  11   11     8      1   1.982701     1.833351     5.178428   2.695347     3.109976     0.691196     2.047421  17.538420
  11   11     8      1   1.982701     1.833351     5.178428   2.695347     3.109976     0.691196     2.047421  17.538420
  11   11     8      1   1.982701     1.833351     5.178428   2.695347     3.109976     0.691196     2.047421  17.538420
   9    9    12      1   1.643883     2.167261     4.506445   2.782989     2.983514     0.583002     2.472389  17.139483
   9    9    12      1   1.643883     2.167261     4.506445   2.782989     2.983514     0.583002     2.472389  17.139483
   9    9    12      1   1.643883     2.167261     4.506445   2.782989     2.983514     0.583002     2.472389  17.139483
   9    9    12      1   1.643883     2.167261     4.506445   2.782989     2.983514     0.583002     2.472389  17.139483
   9    9    12      1   1.643883     2.167261     4.506445   2.782989     2.983514     0.583002     2.472389  17.139483
   8    8    16      1   1.502113     3.542908     3.903513   2.417046     3.656232     0.760989     3.712858  19.495659
   8    8    16      1   1.502113     3.542908     3.903513   2.417046     3.656232     0.760989     3.712858  19.495659
   8    8    16      1   1.502113     3.542908     3.903513   2.417046     3.656232     0.760989     3.712858  19.495659
   8    8    16      1   1.502113     3.542908     3.903513   2.417046     3.656232     0.760989     3.712858  19.495659
   8    8    16      1   1.502113     3.542908     3.903513   2.417046     3.656232     0.760989     3.712858  19.495659
  22   22     1      2  11.988489     0.000000    11.178951   3.344372     0.000000     0.703675     0.490609  27.706097
  22   22     1      2  11.988489     0.000000    11.178951   3.344372     0.000000     0.703675     0.490609  27.706097
  22   22     1      2  11.988489     0.000000    11.178951   3.344372     0.000000     0.703675     0.490609  27.706097
  22   22     1      2  11.988489     0.000000    11.178951   3.344372     0.000000     0.703675     0.490609  27.706097
  22   22     1      2  11.988489     0.000000    11.178951   3.344372     0.000000     0.703675     0.490609  27.706097
  16   16     2      2   6.520773     2.224395     7.592755   3.121735     2.189660     0.654264     2.117995  24.421577
  16   16     2      2   6.520773     2.224395     7.592755   3.121735     2.189660     0.654264     2.117995  24.421577
  16   16     2      2   6.520773     2.224395     7.592755   3.121735     2.189660     0.654264     2.117995  24.421577
  16   16     2      2   6.520773     2.224395     7.592755   3.121735     2.189660     0.654264     2.117995  24.421577
  16   16     2      2   6.520773     2.224395     7.592755   3.121735     2.189660     0.654264     2.117995  24.421577
  11   11     4      2   3.108467     2.144916     6.461292   3.059397     2.600278     0.648123     2.947675  20.970149
  11   11     4      2   3.108467     2.144916     6.461292   3.059397     2.600278     0.648123     2.947675  20.970149
  11   11     4      2   3.108467     2.144916     6.461292   3.059397     2.600278     0.648123     2.947675  20.970149
  11   11     4      2   3.108467     2.144916     6.461292   3.059397     2.600278     0.648123     2.947675  20.970149
  11   11     4      2   3.108467     2.144916     6.461292   3.059397     2.600278     0.648123     2.947675  20.970149
   8    8     8      2   1.959288     3.016203     4.456259   2.498064     2.935680     0.644803     2.606769  18.117065
   8    8     8      2   1.959288     3.016203     4.456259   2.498064     2.935680     0.644803     2.606769  18.117065
   8    8     8      2   1.959288     3.016203     4.456259   2.498064     2.935680     0.644803     2.606769  18.117065
   8    8     8      2   1.959288     3.016203     4.456259   2.498064     2.935680     0.644803     2.606769  18.117065
   8    8     8      2   1.959288     3.016203     4.456259   2.498064     2.935680     0.644803     2.606769  18.117065
   6    6    12      2   1.474048     4.138935     4.904140   2.950351     3.380830     0.728635     2.731829  20.308768
   6    6    12      2   1.474048     4.138935     4.904140   2.950351     3.380830     0.728635     2.731829  20.308768
   6    6    12      2   1.474048     4.138935     4.904140   2.950351     3.380830     0.728635     2.731829  20.308768
   6    6    12      2   1.474048     4.138935     4.904140   2.950351     3.380830     0.728635     2.731829  20.308768
   6    6    12      2   1.474048     4.138935     4.904140   2.950351     3.380830     0.728635     2.731829  20.308768
[NID 02275] 2015-08-08 17:03:21 Apid 8989291: initiated application termination
[NID 02275] 2015-08-08 17:03:21 Apid 8989291: initiated application termination
[NID 02275] 2015-08-08 17:03:21 Apid 8989291: initiated application termination
[NID 02275] 2015-08-08 17:03:21 Apid 8989291: initiated application termination
[NID 02275] 2015-08-08 17:03:21 Apid 8989291: initiated application termination
  16   16     1      4  14.520671     0.000000     9.077807   3.219187     0.000000     0.668645     0.778614  28.264925
  16   16     1      4  14.520671     0.000000     9.077807   3.219187     0.000000     0.668645     0.778614  28.264925
  16   16     1      4  14.520671     0.000000     9.077807   3.219187     0.000000     0.668645     0.778614  28.264925
  16   16     1      4  14.520671     0.000000     9.077807   3.219187     0.000000     0.668645     0.778614  28.264925
  16   16     1      4  14.520671     0.000000     9.077807   3.219187     0.000000     0.668645     0.778614  28.264925
  11   11     2      4   8.369544     3.984845     6.905991   3.090835     2.599535     0.706009     2.043918  27.700677
  11   11     2      4   8.369544     3.984845     6.905991   3.090835     2.599535     0.706009     2.043918  27.700677
  11   11     2      4   8.369544     3.984845     6.905991   3.090835     2.599535     0.706009     2.043918  27.700677
  11   11     2      4   8.369544     3.984845     6.905991   3.090835     2.599535     0.706009     2.043918  27.700677
  11   11     2      4   8.369544     3.984845     6.905991   3.090835     2.599535     0.706009     2.043918  27.700677
   8    8     4      4   2.496852     4.273080     5.440220   2.951788     2.772455     0.648465     3.053960  21.636821
   8    8     4      4   2.496852     4.273080     5.440220   2.951788     2.772455     0.648465     3.053960  21.636821
   8    8     4      4   2.496852     4.273080     5.440220   2.951788     2.772455     0.648465     3.053960  21.636821
   8    8     4      4   2.496852     4.273080     5.440220   2.951788     2.772455     0.648465     3.053960  21.636821
   8    8     4      4   2.496852     4.273080     5.440220   2.951788     2.772455     0.648465     3.053960  21.636821
[NID 02277] 2015-08-08 17:17:09 Apid 8989530: initiated application termination
[NID 02277] 2015-08-08 17:17:09 Apid 8989530: initiated application termination
[NID 02277] 2015-08-08 17:17:09 Apid 8989530: initiated application termination
[NID 02277] 2015-08-08 17:17:09 Apid 8989530: initiated application termination
[NID 02277] 2015-08-08 17:17:09 Apid 8989530: initiated application termination
terminate called after throwing an instance of 'std::bad_alloc'
terminate called after throwing an instance of 'std::bad_alloc'
terminate called after throwing an instance of 'std::bad_alloc'
terminate called after throwing an instance of 'std::bad_alloc'
terminate called after throwing an instance of 'std::bad_alloc'
   4    4    16      4   1.512875     5.387973     3.162181   2.406785     3.272262     0.620887     2.845356  19.208319
   4    4    16      4   1.512875     5.387973     3.162181   2.406785     3.272262     0.620887     2.845356  19.208319
   4    4    16      4   1.512875     5.387973     3.162181   2.406785     3.272262     0.620887     2.845356  19.208319
   4    4    16      4   1.512875     5.387973     3.162181   2.406785     3.272262     0.620887     2.845356  19.208319
   4    4    16      4   1.512875     5.387973     3.162181   2.406785     3.272262     0.620887     2.845356  19.208319
  11   11     1      8  15.316852     0.000000     8.421442   3.798033     0.000000     0.770449     0.990000  29.296776
  11   11     1      8  15.316852     0.000000     8.421442   3.798033     0.000000     0.770449     0.990000  29.296776
  11   11     1      8  15.316852     0.000000     8.421442   3.798033     0.000000     0.770449     0.990000  29.296776
  11   11     1      8  15.316852     0.000000     8.421442   3.798033     0.000000     0.770449     0.990000  29.296776
  11   11     1      8  15.316852     0.000000     8.421442   3.798033     0.000000     0.770449     0.990000  29.296776
   8    8     2      8   5.949846     7.503547     6.463651   3.527566     2.785982     0.751315     2.221201  29.203108
   8    8     2      8   5.949846     7.503547     6.463651   3.527566     2.785982     0.751315     2.221201  29.203108
   8    8     2      8   5.949846     7.503547     6.463651   3.527566     2.785982     0.751315     2.221201  29.203108
   8    8     2      8   5.949846     7.503547     6.463651   3.527566     2.785982     0.751315     2.221201  29.203108
   8    8     2      8   5.949846     7.503547     6.463651   3.527566     2.785982     0.751315     2.221201  29.203108
terminate called after throwing an instance of 'std::bad_alloc'
terminate called after throwing an instance of 'std::bad_alloc'
terminate called after throwing an instance of 'std::bad_alloc'
terminate called after throwing an instance of 'std::bad_alloc'
terminate called after throwing an instance of 'std::bad_alloc'
   4    4     8      8   2.162581     6.941428     4.282712   2.939385     3.236415     0.676437     2.203987  22.442945
   4    4     8      8   2.162581     6.941428     4.282712   2.939385     3.236415     0.676437     2.203987  22.442945
   4    4     8      8   2.162581     6.941428     4.282712   2.939385     3.236415     0.676437     2.203987  22.442945
   4    4     8      8   2.162581     6.941428     4.282712   2.939385     3.236415     0.676437     2.203987  22.442945
   4    4     8      8   2.162581     6.941428     4.282712   2.939385     3.236415     0.676437     2.203987  22.442945
terminate called after throwing an instance of 'std::bad_alloc'
terminate called after throwing an instance of 'std::bad_alloc'
terminate called after throwing an instance of 'std::bad_alloc'
terminate called after throwing an instance of 'std::bad_alloc'
terminate called after throwing an instance of 'std::bad_alloc'
terminate called after throwing an instance of 'std::bad_alloc'
terminate called after throwing an instance of 'std::bad_alloc'
terminate called after throwing an instance of 'std::bad_alloc'
terminate called after throwing an instance of 'std::bad_alloc'
terminate called after throwing an instance of 'std::bad_alloc'
   8    8     1     16  11.143833     0.000000     9.248025   4.715689     0.000000     1.273463     2.278887  28.659897
   8    8     1     16  11.143833     0.000000     9.248025   4.715689     0.000000     1.273463     2.278887  28.659897
   8    8     1     16  11.143833     0.000000     9.248025   4.715689     0.000000     1.273463     2.278887  28.659897
   8    8     1     16  11.143833     0.000000     9.248025   4.715689     0.000000     1.273463     2.278887  28.659897
   8    8     1     16  11.143833     0.000000     9.248025   4.715689     0.000000     1.273463     2.278887  28.659897
