  90   90     1      1   7.454253     0.000000     1.272666   0.253653     0.000000     0.046782     0.089116   9.116470
  90   90     1      1   7.454253     0.000000     1.272666   0.253653     0.000000     0.046782     0.089116   9.116470
  90   90     1      1   7.454253     0.000000     1.272666   0.253653     0.000000     0.046782     0.089116   9.116470
  90   90     1      1   7.454253     0.000000     1.272666   0.253653     0.000000     0.046782     0.089116   9.116470
  90   90     1      1   7.454253     0.000000     1.272666   0.253653     0.000000     0.046782     0.089116   9.116470
  64   64     2      1   4.020472     0.063635     0.929333   0.244442     0.135259     0.027586     0.458463   5.879190
  64   64     2      1   4.020472     0.063635     0.929333   0.244442     0.135259     0.027586     0.458463   5.879190
  64   64     2      1   4.020472     0.063635     0.929333   0.244442     0.135259     0.027586     0.458463   5.879190
  64   64     2      1   4.020472     0.063635     0.929333   0.244442     0.135259     0.027586     0.458463   5.879190
  64   64     2      1   4.020472     0.063635     0.929333   0.244442     0.135259     0.027586     0.458463   5.879190
  45   45     4      1   2.257168     0.578140     0.650520   0.201785     0.265745     0.069757     0.722767   4.745882
  45   45     4      1   2.257168     0.578140     0.650520   0.201785     0.265745     0.069757     0.722767   4.745882
  45   45     4      1   2.257168     0.578140     0.650520   0.201785     0.265745     0.069757     0.722767   4.745882
  45   45     4      1   2.257168     0.578140     0.650520   0.201785     0.265745     0.069757     0.722767   4.745882
  45   45     4      1   2.257168     0.578140     0.650520   0.201785     0.265745     0.069757     0.722767   4.745882
  32   32     8      1   2.638926     0.087591     0.482555   0.193490     0.174641     0.031981     0.459747   4.068931
  32   32     8      1   2.638926     0.087591     0.482555   0.193490     0.174641     0.031981     0.459747   4.068931
  32   32     8      1   2.638926     0.087591     0.482555   0.193490     0.174641     0.031981     0.459747   4.068931
  32   32     8      1   2.638926     0.087591     0.482555   0.193490     0.174641     0.031981     0.459747   4.068931
  32   32     8      1   2.638926     0.087591     0.482555   0.193490     0.174641     0.031981     0.459747   4.068931
  26   26    12      1   1.570034     0.125222     0.403649   0.132510     0.149361     0.023123     0.657072   3.060971
  26   26    12      1   1.570034     0.125222     0.403649   0.132510     0.149361     0.023123     0.657072   3.060971
  26   26    12      1   1.570034     0.125222     0.403649   0.132510     0.149361     0.023123     0.657072   3.060971
  26   26    12      1   1.570034     0.125222     0.403649   0.132510     0.149361     0.023123     0.657072   3.060971
  26   26    12      1   1.570034     0.125222     0.403649   0.132510     0.149361     0.023123     0.657072   3.060971
  22   22    16      1   1.336988     0.257653     0.368068   0.127225     0.174672     0.027765     0.491225   2.783596
  22   22    16      1   1.336988     0.257653     0.368068   0.127225     0.174672     0.027765     0.491225   2.783596
  22   22    16      1   1.336988     0.257653     0.368068   0.127225     0.174672     0.027765     0.491225   2.783596
  22   22    16      1   1.336988     0.257653     0.368068   0.127225     0.174672     0.027765     0.491225   2.783596
  22   22    16      1   1.336988     0.257653     0.368068   0.127225     0.174672     0.027765     0.491225   2.783596
  64   64     1      2   6.211081     0.000000     0.953392   0.250278     0.000000     0.043669     0.041805   7.500225
  64   64     1      2   6.211081     0.000000     0.953392   0.250278     0.000000     0.043669     0.041805   7.500225
  64   64     1      2   6.211081     0.000000     0.953392   0.250278     0.000000     0.043669     0.041805   7.500225
  64   64     1      2   6.211081     0.000000     0.953392   0.250278     0.000000     0.043669     0.041805   7.500225
  64   64     1      2   6.211081     0.000000     0.953392   0.250278     0.000000     0.043669     0.041805   7.500225
  45   45     2      2   3.222333     0.211035     0.696915   0.223483     0.157857     0.046130     0.359362   4.917115
  45   45     2      2   3.222333     0.211035     0.696915   0.223483     0.157857     0.046130     0.359362   4.917115
  45   45     2      2   3.222333     0.211035     0.696915   0.223483     0.157857     0.046130     0.359362   4.917115
  45   45     2      2   3.222333     0.211035     0.696915   0.223483     0.157857     0.046130     0.359362   4.917115
  45   45     2      2   3.222333     0.211035     0.696915   0.223483     0.157857     0.046130     0.359362   4.917115
  32   32     4      2   2.152193     0.175163     0.524670   0.209197     0.145400     0.042817     0.327962   3.577402
  32   32     4      2   2.152193     0.175163     0.524670   0.209197     0.145400     0.042817     0.327962   3.577402
  32   32     4      2   2.152193     0.175163     0.524670   0.209197     0.145400     0.042817     0.327962   3.577402
  32   32     4      2   2.152193     0.175163     0.524670   0.209197     0.145400     0.042817     0.327962   3.577402
  32   32     4      2   2.152193     0.175163     0.524670   0.209197     0.145400     0.042817     0.327962   3.577402
  22   22     8      2   1.526701     0.166203     0.392382   0.214550     0.178031     0.037825     0.459975   2.975667
  22   22     8      2   1.526701     0.166203     0.392382   0.214550     0.178031     0.037825     0.459975   2.975667
  22   22     8      2   1.526701     0.166203     0.392382   0.214550     0.178031     0.037825     0.459975   2.975667
  22   22     8      2   1.526701     0.166203     0.392382   0.214550     0.178031     0.037825     0.459975   2.975667
  22   22     8      2   1.526701     0.166203     0.392382   0.214550     0.178031     0.037825     0.459975   2.975667
  18   18    12      2   1.255170     0.215550     0.323191   0.176738     0.180107     0.034249     0.454280   2.639286
  18   18    12      2   1.255170     0.215550     0.323191   0.176738     0.180107     0.034249     0.454280   2.639286
  18   18    12      2   1.255170     0.215550     0.323191   0.176738     0.180107     0.034249     0.454280   2.639286
  18   18    12      2   1.255170     0.215550     0.323191   0.176738     0.180107     0.034249     0.454280   2.639286
  18   18    12      2   1.255170     0.215550     0.323191   0.176738     0.180107     0.034249     0.454280   2.639286
  16   16    16      2   1.446900     0.223051     0.277775   0.133483     0.168458     0.027241     0.421600   2.698508
  16   16    16      2   1.446900     0.223051     0.277775   0.133483     0.168458     0.027241     0.421600   2.698508
  16   16    16      2   1.446900     0.223051     0.277775   0.133483     0.168458     0.027241     0.421600   2.698508
  16   16    16      2   1.446900     0.223051     0.277775   0.133483     0.168458     0.027241     0.421600   2.698508
  16   16    16      2   1.446900     0.223051     0.277775   0.133483     0.168458     0.027241     0.421600   2.698508
  45   45     1      4   5.163069     0.000000     0.787000   0.249426     0.000000     0.045684     0.166414   6.411593
  45   45     1      4   5.163069     0.000000     0.787000   0.249426     0.000000     0.045684     0.166414   6.411593
  45   45     1      4   5.163069     0.000000     0.787000   0.249426     0.000000     0.045684     0.166414   6.411593
  45   45     1      4   5.163069     0.000000     0.787000   0.249426     0.000000     0.045684     0.166414   6.411593
  45   45     1      4   5.163069     0.000000     0.787000   0.249426     0.000000     0.045684     0.166414   6.411593
  32   32     2      4   2.985341     0.235741     0.578572   0.230958     0.131651     0.041592     0.295985   4.499839
  32   32     2      4   2.985341     0.235741     0.578572   0.230958     0.131651     0.041592     0.295985   4.499839
  32   32     2      4   2.985341     0.235741     0.578572   0.230958     0.131651     0.041592     0.295985   4.499839
  32   32     2      4   2.985341     0.235741     0.578572   0.230958     0.131651     0.041592     0.295985   4.499839
  32   32     2      4   2.985341     0.235741     0.578572   0.230958     0.131651     0.041592     0.295985   4.499839
  22   22     4      4   1.947803     0.301998     0.428200   0.200202     0.171691     0.045926     0.819022   3.914843
  22   22     4      4   1.947803     0.301998     0.428200   0.200202     0.171691     0.045926     0.819022   3.914843
  22   22     4      4   1.947803     0.301998     0.428200   0.200202     0.171691     0.045926     0.819022   3.914843
  22   22     4      4   1.947803     0.301998     0.428200   0.200202     0.171691     0.045926     0.819022   3.914843
  22   22     4      4   1.947803     0.301998     0.428200   0.200202     0.171691     0.045926     0.819022   3.914843
  16   16     8      4   1.500125     0.317407     0.320187   0.176971     0.185099     0.039949     0.378389   2.918127
  16   16     8      4   1.500125     0.317407     0.320187   0.176971     0.185099     0.039949     0.378389   2.918127
  16   16     8      4   1.500125     0.317407     0.320187   0.176971     0.185099     0.039949     0.378389   2.918127
  16   16     8      4   1.500125     0.317407     0.320187   0.176971     0.185099     0.039949     0.378389   2.918127
  16   16     8      4   1.500125     0.317407     0.320187   0.176971     0.185099     0.039949     0.378389   2.918127
  13   13    12      4   1.131167     0.288248     0.299044   0.183542     0.155899     0.024956     0.498449   2.581306
  13   13    12      4   1.131167     0.288248     0.299044   0.183542     0.155899     0.024956     0.498449   2.581306
  13   13    12      4   1.131167     0.288248     0.299044   0.183542     0.155899     0.024956     0.498449   2.581306
  13   13    12      4   1.131167     0.288248     0.299044   0.183542     0.155899     0.024956     0.498449   2.581306
  13   13    12      4   1.131167     0.288248     0.299044   0.183542     0.155899     0.024956     0.498449   2.581306
  11   11    16      4   0.926952     0.303732     0.263959   0.187517     0.173440     0.025476     0.540605   2.421681
  11   11    16      4   0.926952     0.303732     0.263959   0.187517     0.173440     0.025476     0.540605   2.421681
  11   11    16      4   0.926952     0.303732     0.263959   0.187517     0.173440     0.025476     0.540605   2.421681
  11   11    16      4   0.926952     0.303732     0.263959   0.187517     0.173440     0.025476     0.540605   2.421681
  11   11    16      4   0.926952     0.303732     0.263959   0.187517     0.173440     0.025476     0.540605   2.421681
  32   32     1      8   4.792692     0.000000     0.699861   0.229281     0.000000     0.048073     0.124153   5.894060
  32   32     1      8   4.792692     0.000000     0.699861   0.229281     0.000000     0.048073     0.124153   5.894060
  32   32     1      8   4.792692     0.000000     0.699861   0.229281     0.000000     0.048073     0.124153   5.894060
  32   32     1      8   4.792692     0.000000     0.699861   0.229281     0.000000     0.048073     0.124153   5.894060
  32   32     1      8   4.792692     0.000000     0.699861   0.229281     0.000000     0.048073     0.124153   5.894060
  22   22     2      8   2.416307     0.464391     0.533376   0.205476     0.130393     0.041420     0.411890   4.203253
  22   22     2      8   2.416307     0.464391     0.533376   0.205476     0.130393     0.041420     0.411890   4.203253
  22   22     2      8   2.416307     0.464391     0.533376   0.205476     0.130393     0.041420     0.411890   4.203253
  22   22     2      8   2.416307     0.464391     0.533376   0.205476     0.130393     0.041420     0.411890   4.203253
  22   22     2      8   2.416307     0.464391     0.533376   0.205476     0.130393     0.041420     0.411890   4.203253
  16   16     4      8   1.846149     0.456541     0.392367   0.208525     0.185866     0.044967     0.311981   3.446396
  16   16     4      8   1.846149     0.456541     0.392367   0.208525     0.185866     0.044967     0.311981   3.446396
  16   16     4      8   1.846149     0.456541     0.392367   0.208525     0.185866     0.044967     0.311981   3.446396
  16   16     4      8   1.846149     0.456541     0.392367   0.208525     0.185866     0.044967     0.311981   3.446396
  16   16     4      8   1.846149     0.456541     0.392367   0.208525     0.185866     0.044967     0.311981   3.446396
  11   11     8      8   1.239618     0.452845     0.315901   0.192562     0.200744     0.045292     0.203861   2.650823
  11   11     8      8   1.239618     0.452845     0.315901   0.192562     0.200744     0.045292     0.203861   2.650823
  11   11     8      8   1.239618     0.452845     0.315901   0.192562     0.200744     0.045292     0.203861   2.650823
  11   11     8      8   1.239618     0.452845     0.315901   0.192562     0.200744     0.045292     0.203861   2.650823
  11   11     8      8   1.239618     0.452845     0.315901   0.192562     0.200744     0.045292     0.203861   2.650823
   9    9    12      8   0.878047     0.441133     0.331470   0.248241     0.216820     0.042341     0.468829   2.626880
   9    9    12      8   0.878047     0.441133     0.331470   0.248241     0.216820     0.042341     0.468829   2.626880
   9    9    12      8   0.878047     0.441133     0.331470   0.248241     0.216820     0.042341     0.468829   2.626880
   9    9    12      8   0.878047     0.441133     0.331470   0.248241     0.216820     0.042341     0.468829   2.626880
   9    9    12      8   0.878047     0.441133     0.331470   0.248241     0.216820     0.042341     0.468829   2.626880
   8    8    16      8   1.095581     0.763328     0.232933   0.167764     0.243408     0.048081     0.340937   2.892032
   8    8    16      8   1.095581     0.763328     0.232933   0.167764     0.243408     0.048081     0.340937   2.892032
   8    8    16      8   1.095581     0.763328     0.232933   0.167764     0.243408     0.048081     0.340937   2.892032
   8    8    16      8   1.095581     0.763328     0.232933   0.167764     0.243408     0.048081     0.340937   2.892032
   8    8    16      8   1.095581     0.763328     0.232933   0.167764     0.243408     0.048081     0.340937   2.892032
  22   22     1     16   4.262013     0.000000     0.752197   0.288831     0.000000     0.086340     0.104512   5.493893
  22   22     1     16   4.262013     0.000000     0.752197   0.288831     0.000000     0.086340     0.104512   5.493893
  22   22     1     16   4.262013     0.000000     0.752197   0.288831     0.000000     0.086340     0.104512   5.493893
  22   22     1     16   4.262013     0.000000     0.752197   0.288831     0.000000     0.086340     0.104512   5.493893
  22   22     1     16   4.262013     0.000000     0.752197   0.288831     0.000000     0.086340     0.104512   5.493893
  16   16     2     16   2.810200     0.609537     0.564366   0.288238     0.217382     0.079161     0.347063   4.915947
  16   16     2     16   2.810200     0.609537     0.564366   0.288238     0.217382     0.079161     0.347063   4.915947
  16   16     2     16   2.810200     0.609537     0.564366   0.288238     0.217382     0.079161     0.347063   4.915947
  16   16     2     16   2.810200     0.609537     0.564366   0.288238     0.217382     0.079161     0.347063   4.915947
  16   16     2     16   2.810200     0.609537     0.564366   0.288238     0.217382     0.079161     0.347063   4.915947
  11   11     4     16   1.617448     0.597161     0.473670   0.295720     0.285113     0.083532     0.205819   3.558463
  11   11     4     16   1.617448     0.597161     0.473670   0.295720     0.285113     0.083532     0.205819   3.558463
  11   11     4     16   1.617448     0.597161     0.473670   0.295720     0.285113     0.083532     0.205819   3.558463
  11   11     4     16   1.617448     0.597161     0.473670   0.295720     0.285113     0.083532     0.205819   3.558463
  11   11     4     16   1.617448     0.597161     0.473670   0.295720     0.285113     0.083532     0.205819   3.558463
   8    8     8     16   1.383761     0.560245     0.402430   0.302254     0.310668     0.078561     0.182576   3.220495
   8    8     8     16   1.383761     0.560245     0.402430   0.302254     0.310668     0.078561     0.182576   3.220495
   8    8     8     16   1.383761     0.560245     0.402430   0.302254     0.310668     0.078561     0.182576   3.220495
   8    8     8     16   1.383761     0.560245     0.402430   0.302254     0.310668     0.078561     0.182576   3.220495
   8    8     8     16   1.383761     0.560245     0.402430   0.302254     0.310668     0.078561     0.182576   3.220495
   6    6    12     16   0.869520     0.715682     0.401783   0.300519     0.327098     0.088559     0.391116   3.094277
   6    6    12     16   0.869520     0.715682     0.401783   0.300519     0.327098     0.088559     0.391116   3.094277
   6    6    12     16   0.869520     0.715682     0.401783   0.300519     0.327098     0.088559     0.391116   3.094277
   6    6    12     16   0.869520     0.715682     0.401783   0.300519     0.327098     0.088559     0.391116   3.094277
   6    6    12     16   0.869520     0.715682     0.401783   0.300519     0.327098     0.088559     0.391116   3.094277
   5    5    16     16   0.855110     0.827597     0.315729   0.270598     0.350356     0.095174     0.678119   3.392683
   5    5    16     16   0.855110     0.827597     0.315729   0.270598     0.350356     0.095174     0.678119   3.392683
   5    5    16     16   0.855110     0.827597     0.315729   0.270598     0.350356     0.095174     0.678119   3.392683
   5    5    16     16   0.855110     0.827597     0.315729   0.270598     0.350356     0.095174     0.678119   3.392683
   5    5    16     16   0.855110     0.827597     0.315729   0.270598     0.350356     0.095174     0.678119   3.392683
