  90   90     1      1  30.070375     0.000000     5.993994   0.982338     0.000000     0.176619     0.893827  38.117154
  90   90     1      1  30.070375     0.000000     5.993994   0.982338     0.000000     0.176619     0.893827  38.117154
  90   90     1      1  30.070375     0.000000     5.993994   0.982338     0.000000     0.176619     0.893827  38.117154
  90   90     1      1  30.070375     0.000000     5.993994   0.982338     0.000000     0.176619     0.893827  38.117154
  90   90     1      1  30.070375     0.000000     5.993994   0.982338     0.000000     0.176619     0.893827  38.117154
  64   64     2      1  11.341393     0.293135     3.954374   0.912961     0.566785     0.178034     1.560195  18.806877
  64   64     2      1  11.341393     0.293135     3.954374   0.912961     0.566785     0.178034     1.560195  18.806877
  64   64     2      1  11.341393     0.293135     3.954374   0.912961     0.566785     0.178034     1.560195  18.806877
  64   64     2      1  11.341393     0.293135     3.954374   0.912961     0.566785     0.178034     1.560195  18.806877
  64   64     2      1  11.341393     0.293135     3.954374   0.912961     0.566785     0.178034     1.560195  18.806877
  45   45     4      1   9.247609     0.302381     2.922893   0.907482     0.660914     0.165439     1.996505  16.203223
  45   45     4      1   9.247609     0.302381     2.922893   0.907482     0.660914     0.165439     1.996505  16.203223
  45   45     4      1   9.247609     0.302381     2.922893   0.907482     0.660914     0.165439     1.996505  16.203223
  45   45     4      1   9.247609     0.302381     2.922893   0.907482     0.660914     0.165439     1.996505  16.203223
  45   45     4      1   9.247609     0.302381     2.922893   0.907482     0.660914     0.165439     1.996505  16.203223
  32   32     8      1   4.193301     0.454482     2.139709   0.767012     0.692393     0.154698     1.548433   9.950028
  32   32     8      1   4.193301     0.454482     2.139709   0.767012     0.692393     0.154698     1.548433   9.950028
  32   32     8      1   4.193301     0.454482     2.139709   0.767012     0.692393     0.154698     1.548433   9.950028
  32   32     8      1   4.193301     0.454482     2.139709   0.767012     0.692393     0.154698     1.548433   9.950028
  32   32     8      1   4.193301     0.454482     2.139709   0.767012     0.692393     0.154698     1.548433   9.950028
  26   26    12      1   4.581628     0.721466     1.704368   0.688639     0.711075     0.148236     2.080393  10.635805
  26   26    12      1   4.581628     0.721466     1.704368   0.688639     0.711075     0.148236     2.080393  10.635805
  26   26    12      1   4.581628     0.721466     1.704368   0.688639     0.711075     0.148236     2.080393  10.635805
  26   26    12      1   4.581628     0.721466     1.704368   0.688639     0.711075     0.148236     2.080393  10.635805
  26   26    12      1   4.581628     0.721466     1.704368   0.688639     0.711075     0.148236     2.080393  10.635805
  22   22    16      1   2.411032     0.958144     1.591602   0.580025     0.770415     0.143335     1.784033   8.238586
  22   22    16      1   2.411032     0.958144     1.591602   0.580025     0.770415     0.143335     1.784033   8.238586
  22   22    16      1   2.411032     0.958144     1.591602   0.580025     0.770415     0.143335     1.784033   8.238586
  22   22    16      1   2.411032     0.958144     1.591602   0.580025     0.770415     0.143335     1.784033   8.238586
  22   22    16      1   2.411032     0.958144     1.591602   0.580025     0.770415     0.143335     1.784033   8.238586
  64   64     1      2  19.498832     0.000000     4.730294   0.940876     0.000000     0.173831     0.332556  25.676389
  64   64     1      2  19.498832     0.000000     4.730294   0.940876     0.000000     0.173831     0.332556  25.676389
  64   64     1      2  19.498832     0.000000     4.730294   0.940876     0.000000     0.173831     0.332556  25.676389
  64   64     1      2  19.498832     0.000000     4.730294   0.940876     0.000000     0.173831     0.332556  25.676389
  64   64     1      2  19.498832     0.000000     4.730294   0.940876     0.000000     0.173831     0.332556  25.676389
  45   45     2      2  11.134542     0.490634     3.311990   0.902967     0.579341     0.168231     1.431334  18.019039
  45   45     2      2  11.134542     0.490634     3.311990   0.902967     0.579341     0.168231     1.431334  18.019039
  45   45     2      2  11.134542     0.490634     3.311990   0.902967     0.579341     0.168231     1.431334  18.019039
  45   45     2      2  11.134542     0.490634     3.311990   0.902967     0.579341     0.168231     1.431334  18.019039
  45   45     2      2  11.134542     0.490634     3.311990   0.902967     0.579341     0.168231     1.431334  18.019039
  32   32     4      2   5.311785     0.609608     2.327691   0.770520     0.554878     0.151690     1.287377  11.013549
  32   32     4      2   5.311785     0.609608     2.327691   0.770520     0.554878     0.151690     1.287377  11.013549
  32   32     4      2   5.311785     0.609608     2.327691   0.770520     0.554878     0.151690     1.287377  11.013549
  32   32     4      2   5.311785     0.609608     2.327691   0.770520     0.554878     0.151690     1.287377  11.013549
  32   32     4      2   5.311785     0.609608     2.327691   0.770520     0.554878     0.151690     1.287377  11.013549
  22   22     8      2   2.958455     0.632253     1.808525   0.788562     0.714988     0.171725     1.489393   8.563900
  22   22     8      2   2.958455     0.632253     1.808525   0.788562     0.714988     0.171725     1.489393   8.563900
  22   22     8      2   2.958455     0.632253     1.808525   0.788562     0.714988     0.171725     1.489393   8.563900
  22   22     8      2   2.958455     0.632253     1.808525   0.788562     0.714988     0.171725     1.489393   8.563900
  22   22     8      2   2.958455     0.632253     1.808525   0.788562     0.714988     0.171725     1.489393   8.563900
  18   18    12      2   2.711633     1.009394     1.575006   0.865087     0.747765     0.168494     1.304533   8.381912
  18   18    12      2   2.711633     1.009394     1.575006   0.865087     0.747765     0.168494     1.304533   8.381912
  18   18    12      2   2.711633     1.009394     1.575006   0.865087     0.747765     0.168494     1.304533   8.381912
  18   18    12      2   2.711633     1.009394     1.575006   0.865087     0.747765     0.168494     1.304533   8.381912
  18   18    12      2   2.711633     1.009394     1.575006   0.865087     0.747765     0.168494     1.304533   8.381912
  16   16    16      2   3.268897     1.077315     1.320342   0.785810     0.768059     0.144258     1.505731   8.870412
  16   16    16      2   3.268897     1.077315     1.320342   0.785810     0.768059     0.144258     1.505731   8.870412
  16   16    16      2   3.268897     1.077315     1.320342   0.785810     0.768059     0.144258     1.505731   8.870412
  16   16    16      2   3.268897     1.077315     1.320342   0.785810     0.768059     0.144258     1.505731   8.870412
  16   16    16      2   3.268897     1.077315     1.320342   0.785810     0.768059     0.144258     1.505731   8.870412
  45   45     1      4  18.130656     0.000000     3.866967   0.946860     0.000000     0.173669     0.671772  23.789924
  45   45     1      4  18.130656     0.000000     3.866967   0.946860     0.000000     0.173669     0.671772  23.789924
  45   45     1      4  18.130656     0.000000     3.866967   0.946860     0.000000     0.173669     0.671772  23.789924
  45   45     1      4  18.130656     0.000000     3.866967   0.946860     0.000000     0.173669     0.671772  23.789924
  45   45     1      4  18.130656     0.000000     3.866967   0.946860     0.000000     0.173669     0.671772  23.789924
  32   32     2      4   7.999728     0.988641     2.642895   0.866660     0.535343     0.153052     1.014243  14.200563
  32   32     2      4   7.999728     0.988641     2.642895   0.866660     0.535343     0.153052     1.014243  14.200563
  32   32     2      4   7.999728     0.988641     2.642895   0.866660     0.535343     0.153052     1.014243  14.200563
  32   32     2      4   7.999728     0.988641     2.642895   0.866660     0.535343     0.153052     1.014243  14.200563
  32   32     2      4   7.999728     0.988641     2.642895   0.866660     0.535343     0.153052     1.014243  14.200563
  22   22     4      4   4.825199     1.114622     2.062141   0.780746     0.596106     0.173332     0.860484  10.412630
  22   22     4      4   4.825199     1.114622     2.062141   0.780746     0.596106     0.173332     0.860484  10.412630
  22   22     4      4   4.825199     1.114622     2.062141   0.780746     0.596106     0.173332     0.860484  10.412630
  22   22     4      4   4.825199     1.114622     2.062141   0.780746     0.596106     0.173332     0.860484  10.412630
  22   22     4      4   4.825199     1.114622     2.062141   0.780746     0.596106     0.173332     0.860484  10.412630
  16   16     8      4   4.273578     1.301531     1.643120   0.765247     0.647665     0.165541     0.875133   9.671815
  16   16     8      4   4.273578     1.301531     1.643120   0.765247     0.647665     0.165541     0.875133   9.671815
  16   16     8      4   4.273578     1.301531     1.643120   0.765247     0.647665     0.165541     0.875133   9.671815
  16   16     8      4   4.273578     1.301531     1.643120   0.765247     0.647665     0.165541     0.875133   9.671815
  16   16     8      4   4.273578     1.301531     1.643120   0.765247     0.647665     0.165541     0.875133   9.671815
  13   13    12      4   3.030668     1.348337     1.439112   0.781099     0.652034     0.153872     1.775071   9.180193
  13   13    12      4   3.030668     1.348337     1.439112   0.781099     0.652034     0.153872     1.775071   9.180193
  13   13    12      4   3.030668     1.348337     1.439112   0.781099     0.652034     0.153872     1.775071   9.180193
  13   13    12      4   3.030668     1.348337     1.439112   0.781099     0.652034     0.153872     1.775071   9.180193
  13   13    12      4   3.030668     1.348337     1.439112   0.781099     0.652034     0.153872     1.775071   9.180193
  11   11    16      4   2.496362     2.123107     1.188700   0.780577     0.794154     0.176208     1.697456   9.256564
  11   11    16      4   2.496362     2.123107     1.188700   0.780577     0.794154     0.176208     1.697456   9.256564
  11   11    16      4   2.496362     2.123107     1.188700   0.780577     0.794154     0.176208     1.697456   9.256564
  11   11    16      4   2.496362     2.123107     1.188700   0.780577     0.794154     0.176208     1.697456   9.256564
  11   11    16      4   2.496362     2.123107     1.188700   0.780577     0.794154     0.176208     1.697456   9.256564
  32   32     1      8  13.644113     0.000000     3.358401   0.937152     0.000000     0.194227     0.605127  18.739020
  32   32     1      8  13.644113     0.000000     3.358401   0.937152     0.000000     0.194227     0.605127  18.739020
  32   32     1      8  13.644113     0.000000     3.358401   0.937152     0.000000     0.194227     0.605127  18.739020
  32   32     1      8  13.644113     0.000000     3.358401   0.937152     0.000000     0.194227     0.605127  18.739020
  32   32     1      8  13.644113     0.000000     3.358401   0.937152     0.000000     0.194227     0.605127  18.739020
  22   22     2      8   5.851867     1.792843     2.685820   0.870409     0.753146     0.189702     0.952689  13.096477
  22   22     2      8   5.851867     1.792843     2.685820   0.870409     0.753146     0.189702     0.952689  13.096477
  22   22     2      8   5.851867     1.792843     2.685820   0.870409     0.753146     0.189702     0.952689  13.096477
  22   22     2      8   5.851867     1.792843     2.685820   0.870409     0.753146     0.189702     0.952689  13.096477
  22   22     2      8   5.851867     1.792843     2.685820   0.870409     0.753146     0.189702     0.952689  13.096477
  16   16     4      8   4.031985     2.048484     2.149707   0.912975     0.764773     0.182446     1.973474  12.063843
  16   16     4      8   4.031985     2.048484     2.149707   0.912975     0.764773     0.182446     1.973474  12.063843
  16   16     4      8   4.031985     2.048484     2.149707   0.912975     0.764773     0.182446     1.973474  12.063843
  16   16     4      8   4.031985     2.048484     2.149707   0.912975     0.764773     0.182446     1.973474  12.063843
  16   16     4      8   4.031985     2.048484     2.149707   0.912975     0.764773     0.182446     1.973474  12.063843
  11   11     8      8   2.603091     1.920596     1.725083   0.890110     0.861223     0.192898     1.950538  10.143539
  11   11     8      8   2.603091     1.920596     1.725083   0.890110     0.861223     0.192898     1.950538  10.143539
  11   11     8      8   2.603091     1.920596     1.725083   0.890110     0.861223     0.192898     1.950538  10.143539
  11   11     8      8   2.603091     1.920596     1.725083   0.890110     0.861223     0.192898     1.950538  10.143539
  11   11     8      8   2.603091     1.920596     1.725083   0.890110     0.861223     0.192898     1.950538  10.143539
   9    9    12      8   2.703678     1.921601     1.530500   0.936285     0.791967     0.186656     1.966475  10.037162
   9    9    12      8   2.703678     1.921601     1.530500   0.936285     0.791967     0.186656     1.966475  10.037162
   9    9    12      8   2.703678     1.921601     1.530500   0.936285     0.791967     0.186656     1.966475  10.037162
   9    9    12      8   2.703678     1.921601     1.530500   0.936285     0.791967     0.186656     1.966475  10.037162
   9    9    12      8   2.703678     1.921601     1.530500   0.936285     0.791967     0.186656     1.966475  10.037162
   8    8    16      8   2.079766     2.332652     1.148230   0.680302     0.818923     0.180558     2.288410   9.528841
   8    8    16      8   2.079766     2.332652     1.148230   0.680302     0.818923     0.180558     2.288410   9.528841
   8    8    16      8   2.079766     2.332652     1.148230   0.680302     0.818923     0.180558     2.288410   9.528841
   8    8    16      8   2.079766     2.332652     1.148230   0.680302     0.818923     0.180558     2.288410   9.528841
   8    8    16      8   2.079766     2.332652     1.148230   0.680302     0.818923     0.180558     2.288410   9.528841
  22   22     1     16  14.494372     0.000000     4.294165   1.414380     0.000000     0.360425     0.632267  21.195609
  22   22     1     16  14.494372     0.000000     4.294165   1.414380     0.000000     0.360425     0.632267  21.195609
  22   22     1     16  14.494372     0.000000     4.294165   1.414380     0.000000     0.360425     0.632267  21.195609
  22   22     1     16  14.494372     0.000000     4.294165   1.414380     0.000000     0.360425     0.632267  21.195609
  22   22     1     16  14.494372     0.000000     4.294165   1.414380     0.000000     0.360425     0.632267  21.195609
  16   16     2     16   7.353959     2.562146     2.865668   1.284776     1.089375     0.319615     1.298876  16.774415
  16   16     2     16   7.353959     2.562146     2.865668   1.284776     1.089375     0.319615     1.298876  16.774415
  16   16     2     16   7.353959     2.562146     2.865668   1.284776     1.089375     0.319615     1.298876  16.774415
  16   16     2     16   7.353959     2.562146     2.865668   1.284776     1.089375     0.319615     1.298876  16.774415
  16   16     2     16   7.353959     2.562146     2.865668   1.284776     1.089375     0.319615     1.298876  16.774415
  11   11     4     16   5.609257     2.361443     2.470582   1.401496     1.103338     0.337987     2.050215  15.334317
  11   11     4     16   5.609257     2.361443     2.470582   1.401496     1.103338     0.337987     2.050215  15.334317
  11   11     4     16   5.609257     2.361443     2.470582   1.401496     1.103338     0.337987     2.050215  15.334317
  11   11     4     16   5.609257     2.361443     2.470582   1.401496     1.103338     0.337987     2.050215  15.334317
  11   11     4     16   5.609257     2.361443     2.470582   1.401496     1.103338     0.337987     2.050215  15.334317
   8    8     8     16   3.036164     2.474553     1.724141   1.040531     1.033140     0.307622     3.267178  12.883329
   8    8     8     16   3.036164     2.474553     1.724141   1.040531     1.033140     0.307622     3.267178  12.883329
   8    8     8     16   3.036164     2.474553     1.724141   1.040531     1.033140     0.307622     3.267178  12.883329
   8    8     8     16   3.036164     2.474553     1.724141   1.040531     1.033140     0.307622     3.267178  12.883329
   8    8     8     16   3.036164     2.474553     1.724141   1.040531     1.033140     0.307622     3.267178  12.883329
   6    6    12     16   2.470535     4.323892     1.901292   1.314329     1.576805     0.393376     2.830407  14.810636
   6    6    12     16   2.470535     4.323892     1.901292   1.314329     1.576805     0.393376     2.830407  14.810636
   6    6    12     16   2.470535     4.323892     1.901292   1.314329     1.576805     0.393376     2.830407  14.810636
   6    6    12     16   2.470535     4.323892     1.901292   1.314329     1.576805     0.393376     2.830407  14.810636
   6    6    12     16   2.470535     4.323892     1.901292   1.314329     1.576805     0.393376     2.830407  14.810636
   5    5    16     16   2.003404     4.076020     1.932481   1.371499     1.677602     0.420097     3.062685  14.543787
   5    5    16     16   2.003404     4.076020     1.932481   1.371499     1.677602     0.420097     3.062685  14.543787
   5    5    16     16   2.003404     4.076020     1.932481   1.371499     1.677602     0.420097     3.062685  14.543787
   5    5    16     16   2.003404     4.076020     1.932481   1.371499     1.677602     0.420097     3.062685  14.543787
   5    5    16     16   2.003404     4.076020     1.932481   1.371499     1.677602     0.420097     3.062685  14.543787
