  45   45     1      1  19.070633     0.000000     6.964798   1.912074     0.000000     0.359261     0.618498  28.925264
  45   45     1      1  19.070633     0.000000     6.964798   1.912074     0.000000     0.359261     0.618498  28.925264
  45   45     1      1  19.070633     0.000000     6.964798   1.912074     0.000000     0.359261     0.618498  28.925264
  45   45     1      1  19.070633     0.000000     6.964798   1.912074     0.000000     0.359261     0.618498  28.925264
  45   45     1      1  19.070633     0.000000     6.964798   1.912074     0.000000     0.359261     0.618498  28.925264
  32   32     2      1   9.148202     0.524364     4.682925   1.647322     1.148016     0.318365     1.319103  18.788298
  32   32     2      1   9.148202     0.524364     4.682925   1.647322     1.148016     0.318365     1.319103  18.788298
  32   32     2      1   9.148202     0.524364     4.682925   1.647322     1.148016     0.318365     1.319103  18.788298
  32   32     2      1   9.148202     0.524364     4.682925   1.647322     1.148016     0.318365     1.319103  18.788298
  32   32     2      1   9.148202     0.524364     4.682925   1.647322     1.148016     0.318365     1.319103  18.788298
  22   22     4      1   5.014289     0.755451     3.943863   1.682320     1.586526     0.393847     1.715184  15.091480
  22   22     4      1   5.014289     0.755451     3.943863   1.682320     1.586526     0.393847     1.715184  15.091480
  22   22     4      1   5.014289     0.755451     3.943863   1.682320     1.586526     0.393847     1.715184  15.091480
  22   22     4      1   5.014289     0.755451     3.943863   1.682320     1.586526     0.393847     1.715184  15.091480
  22   22     4      1   5.014289     0.755451     3.943863   1.682320     1.586526     0.393847     1.715184  15.091480
  16   16     8      1   3.336866     0.952111     2.577390   1.314925     1.376898     0.279503     1.950446  11.788140
  16   16     8      1   3.336866     0.952111     2.577390   1.314925     1.376898     0.279503     1.950446  11.788140
  16   16     8      1   3.336866     0.952111     2.577390   1.314925     1.376898     0.279503     1.950446  11.788140
  16   16     8      1   3.336866     0.952111     2.577390   1.314925     1.376898     0.279503     1.950446  11.788140
  16   16     8      1   3.336866     0.952111     2.577390   1.314925     1.376898     0.279503     1.950446  11.788140
  13   13    12      1   2.507094     0.950613     2.347327   1.448201     1.555451     0.355564     2.024652  11.188902
  13   13    12      1   2.507094     0.950613     2.347327   1.448201     1.555451     0.355564     2.024652  11.188902
  13   13    12      1   2.507094     0.950613     2.347327   1.448201     1.555451     0.355564     2.024652  11.188902
  13   13    12      1   2.507094     0.950613     2.347327   1.448201     1.555451     0.355564     2.024652  11.188902
  13   13    12      1   2.507094     0.950613     2.347327   1.448201     1.555451     0.355564     2.024652  11.188902
  11   11    16      1   1.732333     0.973392     2.531854   1.831782     1.625723     0.300228     2.173204  11.168516
  11   11    16      1   1.732333     0.973392     2.531854   1.831782     1.625723     0.300228     2.173204  11.168516
  11   11    16      1   1.732333     0.973392     2.531854   1.831782     1.625723     0.300228     2.173204  11.168516
  11   11    16      1   1.732333     0.973392     2.531854   1.831782     1.625723     0.300228     2.173204  11.168516
  11   11    16      1   1.732333     0.973392     2.531854   1.831782     1.625723     0.300228     2.173204  11.168516
  32   32     1      2  16.235852     0.000000     5.872290   1.701226     0.000000     0.332543     0.264111  24.406021
  32   32     1      2  16.235852     0.000000     5.872290   1.701226     0.000000     0.332543     0.264111  24.406021
  32   32     1      2  16.235852     0.000000     5.872290   1.701226     0.000000     0.332543     0.264111  24.406021
  32   32     1      2  16.235852     0.000000     5.872290   1.701226     0.000000     0.332543     0.264111  24.406021
  32   32     1      2  16.235852     0.000000     5.872290   1.701226     0.000000     0.332543     0.264111  24.406021
  22   22     2      2   7.093590     1.030444     4.559589   1.680620     1.238679     0.346379     1.408886  17.358187
  22   22     2      2   7.093590     1.030444     4.559589   1.680620     1.238679     0.346379     1.408886  17.358187
  22   22     2      2   7.093590     1.030444     4.559589   1.680620     1.238679     0.346379     1.408886  17.358187
  22   22     2      2   7.093590     1.030444     4.559589   1.680620     1.238679     0.346379     1.408886  17.358187
  22   22     2      2   7.093590     1.030444     4.559589   1.680620     1.238679     0.346379     1.408886  17.358187
  16   16     4      2   4.759415     1.122720     2.970650   1.297489     1.083597     0.295932     2.144448  13.674251
  16   16     4      2   4.759415     1.122720     2.970650   1.297489     1.083597     0.295932     2.144448  13.674251
  16   16     4      2   4.759415     1.122720     2.970650   1.297489     1.083597     0.295932     2.144448  13.674251
  16   16     4      2   4.759415     1.122720     2.970650   1.297489     1.083597     0.295932     2.144448  13.674251
  16   16     4      2   4.759415     1.122720     2.970650   1.297489     1.083597     0.295932     2.144448  13.674251
  11   11     8      2   2.358820     1.293552     2.491810   1.480222     1.430361     0.327786     2.052835  11.435385
  11   11     8      2   2.358820     1.293552     2.491810   1.480222     1.430361     0.327786     2.052835  11.435385
  11   11     8      2   2.358820     1.293552     2.491810   1.480222     1.430361     0.327786     2.052835  11.435385
  11   11     8      2   2.358820     1.293552     2.491810   1.480222     1.430361     0.327786     2.052835  11.435385
  11   11     8      2   2.358820     1.293552     2.491810   1.480222     1.430361     0.327786     2.052835  11.435385
   9    9    12      2   2.193386     1.788057     2.317688   1.622314     1.470821     0.331405     1.372154  11.095825
   9    9    12      2   2.193386     1.788057     2.317688   1.622314     1.470821     0.331405     1.372154  11.095825
   9    9    12      2   2.193386     1.788057     2.317688   1.622314     1.470821     0.331405     1.372154  11.095825
   9    9    12      2   2.193386     1.788057     2.317688   1.622314     1.470821     0.331405     1.372154  11.095825
   9    9    12      2   2.193386     1.788057     2.317688   1.622314     1.470821     0.331405     1.372154  11.095825
   8    8    16      2   2.216738     2.669971     2.110801   1.529469     1.520023     0.321670     1.664374  12.033047
   8    8    16      2   2.216738     2.669971     2.110801   1.529469     1.520023     0.321670     1.664374  12.033047
   8    8    16      2   2.216738     2.669971     2.110801   1.529469     1.520023     0.321670     1.664374  12.033047
   8    8    16      2   2.216738     2.669971     2.110801   1.529469     1.520023     0.321670     1.664374  12.033047
   8    8    16      2   2.216738     2.669971     2.110801   1.529469     1.520023     0.321670     1.664374  12.033047
  22   22     1      4  14.310451     0.000000     5.490062   1.988279     0.000000     0.411124     1.252558  23.452474
  22   22     1      4  14.310451     0.000000     5.490062   1.988279     0.000000     0.411124     1.252558  23.452474
  22   22     1      4  14.310451     0.000000     5.490062   1.988279     0.000000     0.411124     1.252558  23.452474
  22   22     1      4  14.310451     0.000000     5.490062   1.988279     0.000000     0.411124     1.252558  23.452474
  22   22     1      4  14.310451     0.000000     5.490062   1.988279     0.000000     0.411124     1.252558  23.452474
  16   16     2      4   6.571049     1.712443     3.536731   1.608998     1.220300     0.343713     1.729908  16.723142
  16   16     2      4   6.571049     1.712443     3.536731   1.608998     1.220300     0.343713     1.729908  16.723142
  16   16     2      4   6.571049     1.712443     3.536731   1.608998     1.220300     0.343713     1.729908  16.723142
  16   16     2      4   6.571049     1.712443     3.536731   1.608998     1.220300     0.343713     1.729908  16.723142
  16   16     2      4   6.571049     1.712443     3.536731   1.608998     1.220300     0.343713     1.729908  16.723142
  11   11     4      4   2.867077     2.255960     3.130699   1.774630     1.550319     0.386760     1.641505  13.606949
  11   11     4      4   2.867077     2.255960     3.130699   1.774630     1.550319     0.386760     1.641505  13.606949
  11   11     4      4   2.867077     2.255960     3.130699   1.774630     1.550319     0.386760     1.641505  13.606949
  11   11     4      4   2.867077     2.255960     3.130699   1.774630     1.550319     0.386760     1.641505  13.606949
  11   11     4      4   2.867077     2.255960     3.130699   1.774630     1.550319     0.386760     1.641505  13.606949
   8    8     8      4   1.978278     2.584820     2.190076   1.321667     1.405347     0.324677     2.054647  11.859512
   8    8     8      4   1.978278     2.584820     2.190076   1.321667     1.405347     0.324677     2.054647  11.859512
   8    8     8      4   1.978278     2.584820     2.190076   1.321667     1.405347     0.324677     2.054647  11.859512
   8    8     8      4   1.978278     2.584820     2.190076   1.321667     1.405347     0.324677     2.054647  11.859512
   8    8     8      4   1.978278     2.584820     2.190076   1.321667     1.405347     0.324677     2.054647  11.859512
   6    6    12      4   2.267199     3.198630     2.722190   2.053694     1.917449     0.413137     1.350293  13.922592
   6    6    12      4   2.267199     3.198630     2.722190   2.053694     1.917449     0.413137     1.350293  13.922592
   6    6    12      4   2.267199     3.198630     2.722190   2.053694     1.917449     0.413137     1.350293  13.922592
   6    6    12      4   2.267199     3.198630     2.722190   2.053694     1.917449     0.413137     1.350293  13.922592
   6    6    12      4   2.267199     3.198630     2.722190   2.053694     1.917449     0.413137     1.350293  13.922592
   5    5    16      4   1.640858     3.164010     2.181971   1.635387     1.995727     0.370407     2.477615  13.465975
   5    5    16      4   1.640858     3.164010     2.181971   1.635387     1.995727     0.370407     2.477615  13.465975
   5    5    16      4   1.640858     3.164010     2.181971   1.635387     1.995727     0.370407     2.477615  13.465975
   5    5    16      4   1.640858     3.164010     2.181971   1.635387     1.995727     0.370407     2.477615  13.465975
   5    5    16      4   1.640858     3.164010     2.181971   1.635387     1.995727     0.370407     2.477615  13.465975
  16   16     1      8  13.779532     0.000000     4.531455   1.749443     0.000000     0.357134     0.365279  20.782843
  16   16     1      8  13.779532     0.000000     4.531455   1.749443     0.000000     0.357134     0.365279  20.782843
  16   16     1      8  13.779532     0.000000     4.531455   1.749443     0.000000     0.357134     0.365279  20.782843
  16   16     1      8  13.779532     0.000000     4.531455   1.749443     0.000000     0.357134     0.365279  20.782843
  16   16     1      8  13.779532     0.000000     4.531455   1.749443     0.000000     0.357134     0.365279  20.782843
  11   11     2      8   5.921827     3.418118     3.732192   1.716830     1.404753     0.347020     1.751349  18.292089
  11   11     2      8   5.921827     3.418118     3.732192   1.716830     1.404753     0.347020     1.751349  18.292089
  11   11     2      8   5.921827     3.418118     3.732192   1.716830     1.404753     0.347020     1.751349  18.292089
  11   11     2      8   5.921827     3.418118     3.732192   1.716830     1.404753     0.347020     1.751349  18.292089
  11   11     2      8   5.921827     3.418118     3.732192   1.716830     1.404753     0.347020     1.751349  18.292089
   8    8     4      8   2.550565     3.973465     2.692950   1.441641     1.573408     0.362793     3.445126  16.039948
   8    8     4      8   2.550565     3.973465     2.692950   1.441641     1.573408     0.362793     3.445126  16.039948
   8    8     4      8   2.550565     3.973465     2.692950   1.441641     1.573408     0.362793     3.445126  16.039948
   8    8     4      8   2.550565     3.973465     2.692950   1.441641     1.573408     0.362793     3.445126  16.039948
   8    8     4      8   2.550565     3.973465     2.692950   1.441641     1.573408     0.362793     3.445126  16.039948
   5    5     8      8   2.834636     4.661257     2.908980   2.261009     2.147758     0.451993     1.570480  16.836112
   5    5     8      8   2.834636     4.661257     2.908980   2.261009     2.147758     0.451993     1.570480  16.836112
   5    5     8      8   2.834636     4.661257     2.908980   2.261009     2.147758     0.451993     1.570480  16.836112
   5    5     8      8   2.834636     4.661257     2.908980   2.261009     2.147758     0.451993     1.570480  16.836112
   5    5     8      8   2.834636     4.661257     2.908980   2.261009     2.147758     0.451993     1.570480  16.836112
   4    4    12      8   1.585941     5.147707     2.851961   2.029742     2.415333     0.468648     2.174583  16.673915
   4    4    12      8   1.585941     5.147707     2.851961   2.029742     2.415333     0.468648     2.174583  16.673915
   4    4    12      8   1.585941     5.147707     2.851961   2.029742     2.415333     0.468648     2.174583  16.673915
   4    4    12      8   1.585941     5.147707     2.851961   2.029742     2.415333     0.468648     2.174583  16.673915
   4    4    12      8   1.585941     5.147707     2.851961   2.029742     2.415333     0.468648     2.174583  16.673915
   4    4    16      8   0.817602     3.866596     1.632940   1.223726     1.770933     0.342988     3.403543  13.058328
   4    4    16      8   0.817602     3.866596     1.632940   1.223726     1.770933     0.342988     3.403543  13.058328
   4    4    16      8   0.817602     3.866596     1.632940   1.223726     1.770933     0.342988     3.403543  13.058328
   4    4    16      8   0.817602     3.866596     1.632940   1.223726     1.770933     0.342988     3.403543  13.058328
   4    4    16      8   0.817602     3.866596     1.632940   1.223726     1.770933     0.342988     3.403543  13.058328
  11   11     1     16  10.564414     0.000000     5.371190   2.566227     0.000000     0.625379     0.946732  20.073942
  11   11     1     16  10.564414     0.000000     5.371190   2.566227     0.000000     0.625379     0.946732  20.073942
  11   11     1     16  10.564414     0.000000     5.371190   2.566227     0.000000     0.625379     0.946732  20.073942
  11   11     1     16  10.564414     0.000000     5.371190   2.566227     0.000000     0.625379     0.946732  20.073942
  11   11     1     16  10.564414     0.000000     5.371190   2.566227     0.000000     0.625379     0.946732  20.073942
   8    8     2     16   7.014784     4.913078     4.210897   2.523215     2.248831     0.621630     1.819555  23.351990
   8    8     2     16   7.014784     4.913078     4.210897   2.523215     2.248831     0.621630     1.819555  23.351990
   8    8     2     16   7.014784     4.913078     4.210897   2.523215     2.248831     0.621630     1.819555  23.351990
   8    8     2     16   7.014784     4.913078     4.210897   2.523215     2.248831     0.621630     1.819555  23.351990
   8    8     2     16   7.014784     4.913078     4.210897   2.523215     2.248831     0.621630     1.819555  23.351990
   5    5     4     16   4.627868     5.778469     4.310868   3.061576     2.947746     0.784064     1.522380  23.032971
   5    5     4     16   4.627868     5.778469     4.310868   3.061576     2.947746     0.784064     1.522380  23.032971
   5    5     4     16   4.627868     5.778469     4.310868   3.061576     2.947746     0.784064     1.522380  23.032971
   5    5     4     16   4.627868     5.778469     4.310868   3.061576     2.947746     0.784064     1.522380  23.032971
   5    5     4     16   4.627868     5.778469     4.310868   3.061576     2.947746     0.784064     1.522380  23.032971
   4    4     8     16   2.607574     5.165080     2.981171   2.307708     2.569451     0.614944     2.433403  18.679331
   4    4     8     16   2.607574     5.165080     2.981171   2.307708     2.569451     0.614944     2.433403  18.679331
   4    4     8     16   2.607574     5.165080     2.981171   2.307708     2.569451     0.614944     2.433403  18.679331
   4    4     8     16   2.607574     5.165080     2.981171   2.307708     2.569451     0.614944     2.433403  18.679331
   4    4     8     16   2.607574     5.165080     2.981171   2.307708     2.569451     0.614944     2.433403  18.679331
   3    3    12     16   1.397541     7.090591     3.174856   2.726815     3.217521     0.776739     2.372267  20.756329
   3    3    12     16   1.397541     7.090591     3.174856   2.726815     3.217521     0.776739     2.372267  20.756329
   3    3    12     16   1.397541     7.090591     3.174856   2.726815     3.217521     0.776739     2.372267  20.756329
   3    3    12     16   1.397541     7.090591     3.174856   2.726815     3.217521     0.776739     2.372267  20.756329
   3    3    12     16   1.397541     7.090591     3.174856   2.726815     3.217521     0.776739     2.372267  20.756329
   2    2    16     16   1.414168    14.417128     5.597422   5.192787     5.390204     1.259226     4.269381  37.540316
   2    2    16     16   1.414168    14.417128     5.597422   5.192787     5.390204     1.259226     4.269381  37.540316
   2    2    16     16   1.414168    14.417128     5.597422   5.192787     5.390204     1.259226     4.269381  37.540316
   2    2    16     16   1.414168    14.417128     5.597422   5.192787     5.390204     1.259226     4.269381  37.540316
   2    2    16     16   1.414168    14.417128     5.597422   5.192787     5.390204     1.259226     4.269381  37.540316
