  45   45     1      1   5.180389     0.000000     1.421831   0.461517     0.000000     0.090098     0.128046   7.281881
  45   45     1      1   5.180389     0.000000     1.421831   0.461517     0.000000     0.090098     0.128046   7.281881
  45   45     1      1   5.180389     0.000000     1.421831   0.461517     0.000000     0.090098     0.128046   7.281881
  45   45     1      1   5.180389     0.000000     1.421831   0.461517     0.000000     0.090098     0.128046   7.281881
  45   45     1      1   5.180389     0.000000     1.421831   0.461517     0.000000     0.090098     0.128046   7.281881
  32   32     2      1   3.753495     0.122675     1.006592   0.397931     0.269976     0.070222     0.166882   5.787773
  32   32     2      1   3.753495     0.122675     1.006592   0.397931     0.269976     0.070222     0.166882   5.787773
  32   32     2      1   3.753495     0.122675     1.006592   0.397931     0.269976     0.070222     0.166882   5.787773
  32   32     2      1   3.753495     0.122675     1.006592   0.397931     0.269976     0.070222     0.166882   5.787773
  32   32     2      1   3.753495     0.122675     1.006592   0.397931     0.269976     0.070222     0.166882   5.787773
  22   22     4      1   2.026021     0.247837     0.807312   0.400500     0.387861     0.097608     0.620215   4.587354
  22   22     4      1   2.026021     0.247837     0.807312   0.400500     0.387861     0.097608     0.620215   4.587354
  22   22     4      1   2.026021     0.247837     0.807312   0.400500     0.387861     0.097608     0.620215   4.587354
  22   22     4      1   2.026021     0.247837     0.807312   0.400500     0.387861     0.097608     0.620215   4.587354
  22   22     4      1   2.026021     0.247837     0.807312   0.400500     0.387861     0.097608     0.620215   4.587354
  16   16     8      1   1.221251     0.194159     0.557821   0.326116     0.334462     0.057666     0.562602   3.254076
  16   16     8      1   1.221251     0.194159     0.557821   0.326116     0.334462     0.057666     0.562602   3.254076
  16   16     8      1   1.221251     0.194159     0.557821   0.326116     0.334462     0.057666     0.562602   3.254076
  16   16     8      1   1.221251     0.194159     0.557821   0.326116     0.334462     0.057666     0.562602   3.254076
  16   16     8      1   1.221251     0.194159     0.557821   0.326116     0.334462     0.057666     0.562602   3.254076
  13   13    12      1   1.483546     0.246126     0.488400   0.348232     0.328898     0.066064     0.467948   3.429213
  13   13    12      1   1.483546     0.246126     0.488400   0.348232     0.328898     0.066064     0.467948   3.429213
  13   13    12      1   1.483546     0.246126     0.488400   0.348232     0.328898     0.066064     0.467948   3.429213
  13   13    12      1   1.483546     0.246126     0.488400   0.348232     0.328898     0.066064     0.467948   3.429213
  13   13    12      1   1.483546     0.246126     0.488400   0.348232     0.328898     0.066064     0.467948   3.429213
  11   11    16      1   1.136378     0.214808     0.516928   0.453254     0.392775     0.058348     0.644762   3.417253
  11   11    16      1   1.136378     0.214808     0.516928   0.453254     0.392775     0.058348     0.644762   3.417253
  11   11    16      1   1.136378     0.214808     0.516928   0.453254     0.392775     0.058348     0.644762   3.417253
  11   11    16      1   1.136378     0.214808     0.516928   0.453254     0.392775     0.058348     0.644762   3.417253
  11   11    16      1   1.136378     0.214808     0.516928   0.453254     0.392775     0.058348     0.644762   3.417253
  32   32     1      2   4.456512     0.000000     1.079096   0.383910     0.000000     0.075105     0.143067   6.137690
  32   32     1      2   4.456512     0.000000     1.079096   0.383910     0.000000     0.075105     0.143067   6.137690
  32   32     1      2   4.456512     0.000000     1.079096   0.383910     0.000000     0.075105     0.143067   6.137690
  32   32     1      2   4.456512     0.000000     1.079096   0.383910     0.000000     0.075105     0.143067   6.137690
  32   32     1      2   4.456512     0.000000     1.079096   0.383910     0.000000     0.075105     0.143067   6.137690
  22   22     2      2   2.756932     0.249959     0.837851   0.401799     0.262930     0.084976     0.160146   4.754594
  22   22     2      2   2.756932     0.249959     0.837851   0.401799     0.262930     0.084976     0.160146   4.754594
  22   22     2      2   2.756932     0.249959     0.837851   0.401799     0.262930     0.084976     0.160146   4.754594
  22   22     2      2   2.756932     0.249959     0.837851   0.401799     0.262930     0.084976     0.160146   4.754594
  22   22     2      2   2.756932     0.249959     0.837851   0.401799     0.262930     0.084976     0.160146   4.754594
  16   16     4      2   1.567171     0.244933     0.624957   0.393224     0.254366     0.066983     0.648608   3.800242
  16   16     4      2   1.567171     0.244933     0.624957   0.393224     0.254366     0.066983     0.648608   3.800242
  16   16     4      2   1.567171     0.244933     0.624957   0.393224     0.254366     0.066983     0.648608   3.800242
  16   16     4      2   1.567171     0.244933     0.624957   0.393224     0.254366     0.066983     0.648608   3.800242
  16   16     4      2   1.567171     0.244933     0.624957   0.393224     0.254366     0.066983     0.648608   3.800242
  11   11     8      2   1.400557     0.334485     0.618087   0.463817     0.343779     0.077584     0.265967   3.504276
  11   11     8      2   1.400557     0.334485     0.618087   0.463817     0.343779     0.077584     0.265967   3.504276
  11   11     8      2   1.400557     0.334485     0.618087   0.463817     0.343779     0.077584     0.265967   3.504276
  11   11     8      2   1.400557     0.334485     0.618087   0.463817     0.343779     0.077584     0.265967   3.504276
  11   11     8      2   1.400557     0.334485     0.618087   0.463817     0.343779     0.077584     0.265967   3.504276
   9    9    12      2   0.900372     0.533459     0.480945   0.357107     0.331736     0.063856     0.243013   2.910488
   9    9    12      2   0.900372     0.533459     0.480945   0.357107     0.331736     0.063856     0.243013   2.910488
   9    9    12      2   0.900372     0.533459     0.480945   0.357107     0.331736     0.063856     0.243013   2.910488
   9    9    12      2   0.900372     0.533459     0.480945   0.357107     0.331736     0.063856     0.243013   2.910488
   9    9    12      2   0.900372     0.533459     0.480945   0.357107     0.331736     0.063856     0.243013   2.910488
   8    8    16      2   0.686680     0.436522     0.406070   0.371391     0.404633     0.070375     0.491484   2.867155
   8    8    16      2   0.686680     0.436522     0.406070   0.371391     0.404633     0.070375     0.491484   2.867155
   8    8    16      2   0.686680     0.436522     0.406070   0.371391     0.404633     0.070375     0.491484   2.867155
   8    8    16      2   0.686680     0.436522     0.406070   0.371391     0.404633     0.070375     0.491484   2.867155
   8    8    16      2   0.686680     0.436522     0.406070   0.371391     0.404633     0.070375     0.491484   2.867155
  22   22     1      4   3.551685     0.000000     1.032532   0.480425     0.000000     0.090018     0.095099   5.249759
  22   22     1      4   3.551685     0.000000     1.032532   0.480425     0.000000     0.090018     0.095099   5.249759
  22   22     1      4   3.551685     0.000000     1.032532   0.480425     0.000000     0.090018     0.095099   5.249759
  22   22     1      4   3.551685     0.000000     1.032532   0.480425     0.000000     0.090018     0.095099   5.249759
  22   22     1      4   3.551685     0.000000     1.032532   0.480425     0.000000     0.090018     0.095099   5.249759
  16   16     2      4   1.798521     0.430757     0.704307   0.378150     0.241677     0.060090     0.460478   4.073979
  16   16     2      4   1.798521     0.430757     0.704307   0.378150     0.241677     0.060090     0.460478   4.073979
  16   16     2      4   1.798521     0.430757     0.704307   0.378150     0.241677     0.060090     0.460478   4.073979
  16   16     2      4   1.798521     0.430757     0.704307   0.378150     0.241677     0.060090     0.460478   4.073979
  16   16     2      4   1.798521     0.430757     0.704307   0.378150     0.241677     0.060090     0.460478   4.073979
  11   11     4      4   1.192872     0.524180     0.543089   0.371300     0.317054     0.076995     0.514822   3.540313
  11   11     4      4   1.192872     0.524180     0.543089   0.371300     0.317054     0.076995     0.514822   3.540313
  11   11     4      4   1.192872     0.524180     0.543089   0.371300     0.317054     0.076995     0.514822   3.540313
  11   11     4      4   1.192872     0.524180     0.543089   0.371300     0.317054     0.076995     0.514822   3.540313
  11   11     4      4   1.192872     0.524180     0.543089   0.371300     0.317054     0.076995     0.514822   3.540313
   8    8     8      4   0.679051     0.893652     0.399371   0.298467     0.397560     0.074707     0.604170   3.346979
   8    8     8      4   0.679051     0.893652     0.399371   0.298467     0.397560     0.074707     0.604170   3.346979
   8    8     8      4   0.679051     0.893652     0.399371   0.298467     0.397560     0.074707     0.604170   3.346979
   8    8     8      4   0.679051     0.893652     0.399371   0.298467     0.397560     0.074707     0.604170   3.346979
   8    8     8      4   0.679051     0.893652     0.399371   0.298467     0.397560     0.074707     0.604170   3.346979
   6    6    12      4   0.854282     0.881699     0.504133   0.371463     0.468667     0.090493     0.539961   3.710698
   6    6    12      4   0.854282     0.881699     0.504133   0.371463     0.468667     0.090493     0.539961   3.710698
   6    6    12      4   0.854282     0.881699     0.504133   0.371463     0.468667     0.090493     0.539961   3.710698
   6    6    12      4   0.854282     0.881699     0.504133   0.371463     0.468667     0.090493     0.539961   3.710698
   6    6    12      4   0.854282     0.881699     0.504133   0.371463     0.468667     0.090493     0.539961   3.710698
   5    5    16      4   0.601054     0.715764     0.498298   0.440893     0.476789     0.086031     0.755840   3.574669
   5    5    16      4   0.601054     0.715764     0.498298   0.440893     0.476789     0.086031     0.755840   3.574669
   5    5    16      4   0.601054     0.715764     0.498298   0.440893     0.476789     0.086031     0.755840   3.574669
   5    5    16      4   0.601054     0.715764     0.498298   0.440893     0.476789     0.086031     0.755840   3.574669
   5    5    16      4   0.601054     0.715764     0.498298   0.440893     0.476789     0.086031     0.755840   3.574669
  16   16     1      8   2.964134     0.000000     0.912945   0.444306     0.000000     0.087465     0.134928   4.543778
  16   16     1      8   2.964134     0.000000     0.912945   0.444306     0.000000     0.087465     0.134928   4.543778
  16   16     1      8   2.964134     0.000000     0.912945   0.444306     0.000000     0.087465     0.134928   4.543778
  16   16     1      8   2.964134     0.000000     0.912945   0.444306     0.000000     0.087465     0.134928   4.543778
  16   16     1      8   2.964134     0.000000     0.912945   0.444306     0.000000     0.087465     0.134928   4.543778
  11   11     2      8   1.683302     0.899947     0.836128   0.429737     0.285055     0.091623     0.407726   4.633519
  11   11     2      8   1.683302     0.899947     0.836128   0.429737     0.285055     0.091623     0.407726   4.633519
  11   11     2      8   1.683302     0.899947     0.836128   0.429737     0.285055     0.091623     0.407726   4.633519
  11   11     2      8   1.683302     0.899947     0.836128   0.429737     0.285055     0.091623     0.407726   4.633519
  11   11     2      8   1.683302     0.899947     0.836128   0.429737     0.285055     0.091623     0.407726   4.633519
   8    8     4      8   0.876281     0.831087     0.632488   0.383994     0.317017     0.081614     0.472783   3.595264
   8    8     4      8   0.876281     0.831087     0.632488   0.383994     0.317017     0.081614     0.472783   3.595264
   8    8     4      8   0.876281     0.831087     0.632488   0.383994     0.317017     0.081614     0.472783   3.595264
   8    8     4      8   0.876281     0.831087     0.632488   0.383994     0.317017     0.081614     0.472783   3.595264
   8    8     4      8   0.876281     0.831087     0.632488   0.383994     0.317017     0.081614     0.472783   3.595264
   5    5     8      8   0.737695     1.281129     0.614021   0.487502     0.492828     0.101800     0.816023   4.530999
   5    5     8      8   0.737695     1.281129     0.614021   0.487502     0.492828     0.101800     0.816023   4.530999
   5    5     8      8   0.737695     1.281129     0.614021   0.487502     0.492828     0.101800     0.816023   4.530999
   5    5     8      8   0.737695     1.281129     0.614021   0.487502     0.492828     0.101800     0.816023   4.530999
   5    5     8      8   0.737695     1.281129     0.614021   0.487502     0.492828     0.101800     0.816023   4.530999
   4    4    12      8   0.467533     1.781158     0.533094   0.527282     0.550824     0.120884     1.321321   5.302096
   4    4    12      8   0.467533     1.781158     0.533094   0.527282     0.550824     0.120884     1.321321   5.302096
   4    4    12      8   0.467533     1.781158     0.533094   0.527282     0.550824     0.120884     1.321321   5.302096
   4    4    12      8   0.467533     1.781158     0.533094   0.527282     0.550824     0.120884     1.321321   5.302096
   4    4    12      8   0.467533     1.781158     0.533094   0.527282     0.550824     0.120884     1.321321   5.302096
   4    4    16      8   0.330544     0.836637     0.553667   0.601397     0.386966     0.086321     0.635845   3.431377
   4    4    16      8   0.330544     0.836637     0.553667   0.601397     0.386966     0.086321     0.635845   3.431377
   4    4    16      8   0.330544     0.836637     0.553667   0.601397     0.386966     0.086321     0.635845   3.431377
   4    4    16      8   0.330544     0.836637     0.553667   0.601397     0.386966     0.086321     0.635845   3.431377
   4    4    16      8   0.330544     0.836637     0.553667   0.601397     0.386966     0.086321     0.635845   3.431377
  11   11     1     16   3.037187     0.000000     1.154845   0.550343     0.000000     0.154601     0.226336   5.123312
  11   11     1     16   3.037187     0.000000     1.154845   0.550343     0.000000     0.154601     0.226336   5.123312
  11   11     1     16   3.037187     0.000000     1.154845   0.550343     0.000000     0.154601     0.226336   5.123312
  11   11     1     16   3.037187     0.000000     1.154845   0.550343     0.000000     0.154601     0.226336   5.123312
  11   11     1     16   3.037187     0.000000     1.154845   0.550343     0.000000     0.154601     0.226336   5.123312
   8    8     2     16   1.192543     1.396231     0.828700   0.466737     0.550141     0.149776     0.720673   5.304801
   8    8     2     16   1.192543     1.396231     0.828700   0.466737     0.550141     0.149776     0.720673   5.304801
   8    8     2     16   1.192543     1.396231     0.828700   0.466737     0.550141     0.149776     0.720673   5.304801
   8    8     2     16   1.192543     1.396231     0.828700   0.466737     0.550141     0.149776     0.720673   5.304801
   8    8     2     16   1.192543     1.396231     0.828700   0.466737     0.550141     0.149776     0.720673   5.304801
   5    5     4     16   1.065535     1.604034     0.947671   0.743537     0.708793     0.202342     1.003974   6.275886
   5    5     4     16   1.065535     1.604034     0.947671   0.743537     0.708793     0.202342     1.003974   6.275886
   5    5     4     16   1.065535     1.604034     0.947671   0.743537     0.708793     0.202342     1.003974   6.275886
   5    5     4     16   1.065535     1.604034     0.947671   0.743537     0.708793     0.202342     1.003974   6.275886
   5    5     4     16   1.065535     1.604034     0.947671   0.743537     0.708793     0.202342     1.003974   6.275886
   4    4     8     16   0.364437     1.399976     0.632739   0.493987     0.563174     0.154802     1.250651   4.859766
   4    4     8     16   0.364437     1.399976     0.632739   0.493987     0.563174     0.154802     1.250651   4.859766
   4    4     8     16   0.364437     1.399976     0.632739   0.493987     0.563174     0.154802     1.250651   4.859766
   4    4     8     16   0.364437     1.399976     0.632739   0.493987     0.563174     0.154802     1.250651   4.859766
   4    4     8     16   0.364437     1.399976     0.632739   0.493987     0.563174     0.154802     1.250651   4.859766
   3    3    12     16   0.306214     1.533252     0.712171   0.621500     0.638601     0.162585     0.910642   4.884965
   3    3    12     16   0.306214     1.533252     0.712171   0.621500     0.638601     0.162585     0.910642   4.884965
   3    3    12     16   0.306214     1.533252     0.712171   0.621500     0.638601     0.162585     0.910642   4.884965
   3    3    12     16   0.306214     1.533252     0.712171   0.621500     0.638601     0.162585     0.910642   4.884965
   3    3    12     16   0.306214     1.533252     0.712171   0.621500     0.638601     0.162585     0.910642   4.884965
   2    2    16     16   0.190839     4.125932     1.159949   1.003205     1.185148     0.306140     1.437706   9.408919
   2    2    16     16   0.190839     4.125932     1.159949   1.003205     1.185148     0.306140     1.437706   9.408919
   2    2    16     16   0.190839     4.125932     1.159949   1.003205     1.185148     0.306140     1.437706   9.408919
   2    2    16     16   0.190839     4.125932     1.159949   1.003205     1.185148     0.306140     1.437706   9.408919
   2    2    16     16   0.190839     4.125932     1.159949   1.003205     1.185148     0.306140     1.437706   9.408919
