  64   64     1      1  10.743887     0.000000     4.398495   1.021542     0.000000     0.168588     0.091703  16.424215
  64   64     1      1  10.743887     0.000000     4.398495   1.021542     0.000000     0.168588     0.091703  16.424215
  64   64     1      1  10.743887     0.000000     4.398495   1.021542     0.000000     0.168588     0.091703  16.424215
  64   64     1      1  10.743887     0.000000     4.398495   1.021542     0.000000     0.168588     0.091703  16.424215
  64   64     1      1  10.743887     0.000000     4.398495   1.021542     0.000000     0.168588     0.091703  16.424215
  45   45     2      1   5.400218     0.377497     2.936455   0.875292     0.596688     0.173993     0.373651  10.733794
  45   45     2      1   5.400218     0.377497     2.936455   0.875292     0.596688     0.173993     0.373651  10.733794
  45   45     2      1   5.400218     0.377497     2.936455   0.875292     0.596688     0.173993     0.373651  10.733794
  45   45     2      1   5.400218     0.377497     2.936455   0.875292     0.596688     0.173993     0.373651  10.733794
  45   45     2      1   5.400218     0.377497     2.936455   0.875292     0.596688     0.173993     0.373651  10.733794
  32   32     4      1   2.737711     0.304246     2.237692   0.846968     0.630362     0.168040     0.727964   7.652983
  32   32     4      1   2.737711     0.304246     2.237692   0.846968     0.630362     0.168040     0.727964   7.652983
  32   32     4      1   2.737711     0.304246     2.237692   0.846968     0.630362     0.168040     0.727964   7.652983
  32   32     4      1   2.737711     0.304246     2.237692   0.846968     0.630362     0.168040     0.727964   7.652983
  32   32     4      1   2.737711     0.304246     2.237692   0.846968     0.630362     0.168040     0.727964   7.652983
  22   22     8      1   1.674209     0.340987     1.768344   0.847163     0.573400     0.135182     1.069064   6.408350
  22   22     8      1   1.674209     0.340987     1.768344   0.847163     0.573400     0.135182     1.069064   6.408350
  22   22     8      1   1.674209     0.340987     1.768344   0.847163     0.573400     0.135182     1.069064   6.408350
  22   22     8      1   1.674209     0.340987     1.768344   0.847163     0.573400     0.135182     1.069064   6.408350
  22   22     8      1   1.674209     0.340987     1.768344   0.847163     0.573400     0.135182     1.069064   6.408350
  18   18    12      1   1.363083     0.605562     1.429458   0.695357     0.829248     0.178393     1.028127   6.129227
  18   18    12      1   1.363083     0.605562     1.429458   0.695357     0.829248     0.178393     1.028127   6.129227
  18   18    12      1   1.363083     0.605562     1.429458   0.695357     0.829248     0.178393     1.028127   6.129227
  18   18    12      1   1.363083     0.605562     1.429458   0.695357     0.829248     0.178393     1.028127   6.129227
  18   18    12      1   1.363083     0.605562     1.429458   0.695357     0.829248     0.178393     1.028127   6.129227
  16   16    16      1   1.302003     0.987197     1.203364   0.717495     0.802851     0.110223     0.979940   6.103073
  16   16    16      1   1.302003     0.987197     1.203364   0.717495     0.802851     0.110223     0.979940   6.103073
  16   16    16      1   1.302003     0.987197     1.203364   0.717495     0.802851     0.110223     0.979940   6.103073
  16   16    16      1   1.302003     0.987197     1.203364   0.717495     0.802851     0.110223     0.979940   6.103073
  16   16    16      1   1.302003     0.987197     1.203364   0.717495     0.802851     0.110223     0.979940   6.103073
  45   45     1      2   9.358957     0.000000     3.331460   0.882967     0.000000     0.153152     0.251469  13.978006
  45   45     1      2   9.358957     0.000000     3.331460   0.882967     0.000000     0.153152     0.251469  13.978006
  45   45     1      2   9.358957     0.000000     3.331460   0.882967     0.000000     0.153152     0.251469  13.978006
  45   45     1      2   9.358957     0.000000     3.331460   0.882967     0.000000     0.153152     0.251469  13.978006
  45   45     1      2   9.358957     0.000000     3.331460   0.882967     0.000000     0.153152     0.251469  13.978006
  32   32     2      2   4.115236     0.579976     2.599160   0.936662     0.570320     0.169194     0.299559   9.270107
  32   32     2      2   4.115236     0.579976     2.599160   0.936662     0.570320     0.169194     0.299559   9.270107
  32   32     2      2   4.115236     0.579976     2.599160   0.936662     0.570320     0.169194     0.299559   9.270107
  32   32     2      2   4.115236     0.579976     2.599160   0.936662     0.570320     0.169194     0.299559   9.270107
  32   32     2      2   4.115236     0.579976     2.599160   0.936662     0.570320     0.169194     0.299559   9.270107
  22   22     4      2   2.150865     0.593385     1.839632   0.759539     0.611756     0.159080     0.777634   6.891891
  22   22     4      2   2.150865     0.593385     1.839632   0.759539     0.611756     0.159080     0.777634   6.891891
  22   22     4      2   2.150865     0.593385     1.839632   0.759539     0.611756     0.159080     0.777634   6.891891
  22   22     4      2   2.150865     0.593385     1.839632   0.759539     0.611756     0.159080     0.777634   6.891891
  22   22     4      2   2.150865     0.593385     1.839632   0.759539     0.611756     0.159080     0.777634   6.891891
  16   16     8      2   1.427980     0.685888     1.386032   0.677690     0.629716     0.143823     0.751445   5.702574
  16   16     8      2   1.427980     0.685888     1.386032   0.677690     0.629716     0.143823     0.751445   5.702574
  16   16     8      2   1.427980     0.685888     1.386032   0.677690     0.629716     0.143823     0.751445   5.702574
  16   16     8      2   1.427980     0.685888     1.386032   0.677690     0.629716     0.143823     0.751445   5.702574
  16   16     8      2   1.427980     0.685888     1.386032   0.677690     0.629716     0.143823     0.751445   5.702574
  13   13    12      2   1.650965     0.932909     1.119998   0.712640     0.679857     0.139543     0.658326   5.894238
  13   13    12      2   1.650965     0.932909     1.119998   0.712640     0.679857     0.139543     0.658326   5.894238
  13   13    12      2   1.650965     0.932909     1.119998   0.712640     0.679857     0.139543     0.658326   5.894238
  13   13    12      2   1.650965     0.932909     1.119998   0.712640     0.679857     0.139543     0.658326   5.894238
  13   13    12      2   1.650965     0.932909     1.119998   0.712640     0.679857     0.139543     0.658326   5.894238
  11   11    16      2   1.042957     1.068528     1.062674   0.727284     0.769327     0.167295     0.968695   5.806760
  11   11    16      2   1.042957     1.068528     1.062674   0.727284     0.769327     0.167295     0.968695   5.806760
  11   11    16      2   1.042957     1.068528     1.062674   0.727284     0.769327     0.167295     0.968695   5.806760
  11   11    16      2   1.042957     1.068528     1.062674   0.727284     0.769327     0.167295     0.968695   5.806760
  11   11    16      2   1.042957     1.068528     1.062674   0.727284     0.769327     0.167295     0.968695   5.806760
  32   32     1      4   7.613843     0.000000     2.892202   0.873917     0.000000     0.161751     0.161611  11.703324
  32   32     1      4   7.613843     0.000000     2.892202   0.873917     0.000000     0.161751     0.161611  11.703324
  32   32     1      4   7.613843     0.000000     2.892202   0.873917     0.000000     0.161751     0.161611  11.703324
  32   32     1      4   7.613843     0.000000     2.892202   0.873917     0.000000     0.161751     0.161611  11.703324
  32   32     1      4   7.613843     0.000000     2.892202   0.873917     0.000000     0.161751     0.161611  11.703324
  22   22     2      4   3.750994     0.887747     2.077059   0.861673     0.535230     0.173123     0.576768   8.862593
  22   22     2      4   3.750994     0.887747     2.077059   0.861673     0.535230     0.173123     0.576768   8.862593
  22   22     2      4   3.750994     0.887747     2.077059   0.861673     0.535230     0.173123     0.576768   8.862593
  22   22     2      4   3.750994     0.887747     2.077059   0.861673     0.535230     0.173123     0.576768   8.862593
  22   22     2      4   3.750994     0.887747     2.077059   0.861673     0.535230     0.173123     0.576768   8.862593
  16   16     4      4   2.097353     1.248592     1.609783   0.809324     0.617675     0.181925     0.613562   7.178213
  16   16     4      4   2.097353     1.248592     1.609783   0.809324     0.617675     0.181925     0.613562   7.178213
  16   16     4      4   2.097353     1.248592     1.609783   0.809324     0.617675     0.181925     0.613562   7.178213
  16   16     4      4   2.097353     1.248592     1.609783   0.809324     0.617675     0.181925     0.613562   7.178213
  16   16     4      4   2.097353     1.248592     1.609783   0.809324     0.617675     0.181925     0.613562   7.178213
  11   11     8      4   1.694409     1.381967     1.333418   0.704426     0.732254     0.172851     0.429250   6.448575
  11   11     8      4   1.694409     1.381967     1.333418   0.704426     0.732254     0.172851     0.429250   6.448575
  11   11     8      4   1.694409     1.381967     1.333418   0.704426     0.732254     0.172851     0.429250   6.448575
  11   11     8      4   1.694409     1.381967     1.333418   0.704426     0.732254     0.172851     0.429250   6.448575
  11   11     8      4   1.694409     1.381967     1.333418   0.704426     0.732254     0.172851     0.429250   6.448575
   9    9    12      4   1.898224     1.862750     1.271140   0.771396     0.786998     0.164653     0.629059   7.384220
   9    9    12      4   1.898224     1.862750     1.271140   0.771396     0.786998     0.164653     0.629059   7.384220
   9    9    12      4   1.898224     1.862750     1.271140   0.771396     0.786998     0.164653     0.629059   7.384220
   9    9    12      4   1.898224     1.862750     1.271140   0.771396     0.786998     0.164653     0.629059   7.384220
   9    9    12      4   1.898224     1.862750     1.271140   0.771396     0.786998     0.164653     0.629059   7.384220
   8    8    16      4   1.094112     1.433739     1.323003   0.978122     0.860428     0.169157     0.595753   6.454314
   8    8    16      4   1.094112     1.433739     1.323003   0.978122     0.860428     0.169157     0.595753   6.454314
   8    8    16      4   1.094112     1.433739     1.323003   0.978122     0.860428     0.169157     0.595753   6.454314
   8    8    16      4   1.094112     1.433739     1.323003   0.978122     0.860428     0.169157     0.595753   6.454314
   8    8    16      4   1.094112     1.433739     1.323003   0.978122     0.860428     0.169157     0.595753   6.454314
  22   22     1      8   7.672384     0.000000     2.883024   1.048349     0.000000     0.227139     0.285075  12.115971
  22   22     1      8   7.672384     0.000000     2.883024   1.048349     0.000000     0.227139     0.285075  12.115971
  22   22     1      8   7.672384     0.000000     2.883024   1.048349     0.000000     0.227139     0.285075  12.115971
  22   22     1      8   7.672384     0.000000     2.883024   1.048349     0.000000     0.227139     0.285075  12.115971
  22   22     1      8   7.672384     0.000000     2.883024   1.048349     0.000000     0.227139     0.285075  12.115971
  16   16     2      8   3.055160     1.841430     1.954561   0.859650     0.655340     0.181566     1.437759   9.985466
  16   16     2      8   3.055160     1.841430     1.954561   0.859650     0.655340     0.181566     1.437759   9.985466
  16   16     2      8   3.055160     1.841430     1.954561   0.859650     0.655340     0.181566     1.437759   9.985466
  16   16     2      8   3.055160     1.841430     1.954561   0.859650     0.655340     0.181566     1.437759   9.985466
  16   16     2      8   3.055160     1.841430     1.954561   0.859650     0.655340     0.181566     1.437759   9.985466
  11   11     4      8   1.892322     1.912361     1.448142   0.866614     0.685507     0.178865     1.709453   8.693264
  11   11     4      8   1.892322     1.912361     1.448142   0.866614     0.685507     0.178865     1.709453   8.693264
  11   11     4      8   1.892322     1.912361     1.448142   0.866614     0.685507     0.178865     1.709453   8.693264
  11   11     4      8   1.892322     1.912361     1.448142   0.866614     0.685507     0.178865     1.709453   8.693264
  11   11     4      8   1.892322     1.912361     1.448142   0.866614     0.685507     0.178865     1.709453   8.693264
   8    8     8      8   1.321804     2.043384     1.215170   0.711019     0.853900     0.180546     1.240413   7.566236
   8    8     8      8   1.321804     2.043384     1.215170   0.711019     0.853900     0.180546     1.240413   7.566236
   8    8     8      8   1.321804     2.043384     1.215170   0.711019     0.853900     0.180546     1.240413   7.566236
   8    8     8      8   1.321804     2.043384     1.215170   0.711019     0.853900     0.180546     1.240413   7.566236
   8    8     8      8   1.321804     2.043384     1.215170   0.711019     0.853900     0.180546     1.240413   7.566236
   6    6    12      8   1.229069     2.948027     1.173090   0.764606     1.110857     0.230593     1.424453   8.880695
   6    6    12      8   1.229069     2.948027     1.173090   0.764606     1.110857     0.230593     1.424453   8.880695
   6    6    12      8   1.229069     2.948027     1.173090   0.764606     1.110857     0.230593     1.424453   8.880695
   6    6    12      8   1.229069     2.948027     1.173090   0.764606     1.110857     0.230593     1.424453   8.880695
   6    6    12      8   1.229069     2.948027     1.173090   0.764606     1.110857     0.230593     1.424453   8.880695
   5    5    16      8   1.307732     2.868778     1.021171   0.814891     1.176768     0.229652     1.996329   9.415320
   5    5    16      8   1.307732     2.868778     1.021171   0.814891     1.176768     0.229652     1.996329   9.415320
   5    5    16      8   1.307732     2.868778     1.021171   0.814891     1.176768     0.229652     1.996329   9.415320
   5    5    16      8   1.307732     2.868778     1.021171   0.814891     1.176768     0.229652     1.996329   9.415320
   5    5    16      8   1.307732     2.868778     1.021171   0.814891     1.176768     0.229652     1.996329   9.415320
  16   16     1     16   6.765924     0.000000     2.997823   1.142220     0.000000     0.325597     0.462990  11.694554
  16   16     1     16   6.765924     0.000000     2.997823   1.142220     0.000000     0.325597     0.462990  11.694554
  16   16     1     16   6.765924     0.000000     2.997823   1.142220     0.000000     0.325597     0.462990  11.694554
  16   16     1     16   6.765924     0.000000     2.997823   1.142220     0.000000     0.325597     0.462990  11.694554
  16   16     1     16   6.765924     0.000000     2.997823   1.142220     0.000000     0.325597     0.462990  11.694554
  11   11     2     16   4.641877     2.682718     2.556947   1.334482     1.014205     0.340097     0.841072  13.411398
  11   11     2     16   4.641877     2.682718     2.556947   1.334482     1.014205     0.340097     0.841072  13.411398
  11   11     2     16   4.641877     2.682718     2.556947   1.334482     1.014205     0.340097     0.841072  13.411398
  11   11     2     16   4.641877     2.682718     2.556947   1.334482     1.014205     0.340097     0.841072  13.411398
  11   11     2     16   4.641877     2.682718     2.556947   1.334482     1.014205     0.340097     0.841072  13.411398
   8    8     4     16   2.180819     2.385164     1.934335   1.124914     1.077757     0.318143     1.402257  10.423390
   8    8     4     16   2.180819     2.385164     1.934335   1.124914     1.077757     0.318143     1.402257  10.423390
   8    8     4     16   2.180819     2.385164     1.934335   1.124914     1.077757     0.318143     1.402257  10.423390
   8    8     4     16   2.180819     2.385164     1.934335   1.124914     1.077757     0.318143     1.402257  10.423390
   8    8     4     16   2.180819     2.385164     1.934335   1.124914     1.077757     0.318143     1.402257  10.423390
   5    5     8     16   2.631307    15.315738     1.953102   1.503737     2.658351     0.652737     6.603116  31.318087
   5    5     8     16   2.631307    15.315738     1.953102   1.503737     2.658351     0.652737     6.603116  31.318087
   5    5     8     16   2.631307    15.315738     1.953102   1.503737     2.658351     0.652737     6.603116  31.318087
   5    5     8     16   2.631307    15.315738     1.953102   1.503737     2.658351     0.652737     6.603116  31.318087
   5    5     8     16   2.631307    15.315738     1.953102   1.503737     2.658351     0.652737     6.603116  31.318087
   4    4    12     16   1.485155     3.334643     1.688757   1.294054     1.691290     0.393645     1.388018  11.275562
   4    4    12     16   1.485155     3.334643     1.688757   1.294054     1.691290     0.393645     1.388018  11.275562
   4    4    12     16   1.485155     3.334643     1.688757   1.294054     1.691290     0.393645     1.388018  11.275562
   4    4    12     16   1.485155     3.334643     1.688757   1.294054     1.691290     0.393645     1.388018  11.275562
   4    4    12     16   1.485155     3.334643     1.688757   1.294054     1.691290     0.393645     1.388018  11.275562
   4    4    16     16   0.772644     2.676504     1.464079   1.216189     1.143995     0.316807     1.389053   8.979270
   4    4    16     16   0.772644     2.676504     1.464079   1.216189     1.143995     0.316807     1.389053   8.979270
   4    4    16     16   0.772644     2.676504     1.464079   1.216189     1.143995     0.316807     1.389053   8.979270
   4    4    16     16   0.772644     2.676504     1.464079   1.216189     1.143995     0.316807     1.389053   8.979270
   4    4    16     16   0.772644     2.676504     1.464079   1.216189     1.143995     0.316807     1.389053   8.979270
