  45   45     1      1  30.155131     0.000000    17.105959   4.160698     0.000000     0.784590     0.993252  53.199630
  45   45     1      1  30.155131     0.000000    17.105959   4.160698     0.000000     0.784590     0.993252  53.199630
  45   45     1      1  30.155131     0.000000    17.105959   4.160698     0.000000     0.784590     0.993252  53.199630
  45   45     1      1  30.155131     0.000000    17.105959   4.160698     0.000000     0.784590     0.993252  53.199630
  45   45     1      1  30.155131     0.000000    17.105959   4.160698     0.000000     0.784590     0.993252  53.199630
  32   32     2      1  13.534230     1.038989    11.607913   3.505012     2.452213     0.708373     1.512394  34.359124
  32   32     2      1  13.534230     1.038989    11.607913   3.505012     2.452213     0.708373     1.512394  34.359124
  32   32     2      1  13.534230     1.038989    11.607913   3.505012     2.452213     0.708373     1.512394  34.359124
  32   32     2      1  13.534230     1.038989    11.607913   3.505012     2.452213     0.708373     1.512394  34.359124
  32   32     2      1  13.534230     1.038989    11.607913   3.505012     2.452213     0.708373     1.512394  34.359124
  22   22     4      1   7.295536     1.253773     8.859823   3.353776     2.877947     0.741570     2.537959  26.920383
  22   22     4      1   7.295536     1.253773     8.859823   3.353776     2.877947     0.741570     2.537959  26.920383
  22   22     4      1   7.295536     1.253773     8.859823   3.353776     2.877947     0.741570     2.537959  26.920383
  22   22     4      1   7.295536     1.253773     8.859823   3.353776     2.877947     0.741570     2.537959  26.920383
  22   22     4      1   7.295536     1.253773     8.859823   3.353776     2.877947     0.741570     2.537959  26.920383
  16   16     8      1   4.063270     2.013830     6.143870   2.742799     3.035224     0.643933     3.136831  21.779756
  16   16     8      1   4.063270     2.013830     6.143870   2.742799     3.035224     0.643933     3.136831  21.779756
  16   16     8      1   4.063270     2.013830     6.143870   2.742799     3.035224     0.643933     3.136831  21.779756
  16   16     8      1   4.063270     2.013830     6.143870   2.742799     3.035224     0.643933     3.136831  21.779756
  16   16     8      1   4.063270     2.013830     6.143870   2.742799     3.035224     0.643933     3.136831  21.779756
  13   13    12      1   4.052207     1.595558     5.620883   2.846906     2.885079     0.558354     2.601472  20.160459
  13   13    12      1   4.052207     1.595558     5.620883   2.846906     2.885079     0.558354     2.601472  20.160459
  13   13    12      1   4.052207     1.595558     5.620883   2.846906     2.885079     0.558354     2.601472  20.160459
  13   13    12      1   4.052207     1.595558     5.620883   2.846906     2.885079     0.558354     2.601472  20.160459
  13   13    12      1   4.052207     1.595558     5.620883   2.846906     2.885079     0.558354     2.601472  20.160459
  11   11    16      1   3.317725     2.014848     5.066116   2.850696     3.328180     0.688522     2.893121  20.159208
  11   11    16      1   3.317725     2.014848     5.066116   2.850696     3.328180     0.688522     2.893121  20.159208
  11   11    16      1   3.317725     2.014848     5.066116   2.850696     3.328180     0.688522     2.893121  20.159208
  11   11    16      1   3.317725     2.014848     5.066116   2.850696     3.328180     0.688522     2.893121  20.159208
  11   11    16      1   3.317725     2.014848     5.066116   2.850696     3.328180     0.688522     2.893121  20.159208
  32   32     1      2  24.712852     0.000000    14.275140   3.399554     0.000000     0.702010     0.833499  43.923056
  32   32     1      2  24.712852     0.000000    14.275140   3.399554     0.000000     0.702010     0.833499  43.923056
  32   32     1      2  24.712852     0.000000    14.275140   3.399554     0.000000     0.702010     0.833499  43.923056
  32   32     1      2  24.712852     0.000000    14.275140   3.399554     0.000000     0.702010     0.833499  43.923056
  32   32     1      2  24.712852     0.000000    14.275140   3.399554     0.000000     0.702010     0.833499  43.923056
  22   22     2      2  11.473126     2.268755    10.522790   3.385327     2.390659     0.713253     2.083621  32.837532
  22   22     2      2  11.473126     2.268755    10.522790   3.385327     2.390659     0.713253     2.083621  32.837532
  22   22     2      2  11.473126     2.268755    10.522790   3.385327     2.390659     0.713253     2.083621  32.837532
  22   22     2      2  11.473126     2.268755    10.522790   3.385327     2.390659     0.713253     2.083621  32.837532
  22   22     2      2  11.473126     2.268755    10.522790   3.385327     2.390659     0.713253     2.083621  32.837532
  16   16     4      2   5.770086     2.136148     7.955496   3.273995     2.863445     0.722236     4.075710  26.797116
  16   16     4      2   5.770086     2.136148     7.955496   3.273995     2.863445     0.722236     4.075710  26.797116
  16   16     4      2   5.770086     2.136148     7.955496   3.273995     2.863445     0.722236     4.075710  26.797116
  16   16     4      2   5.770086     2.136148     7.955496   3.273995     2.863445     0.722236     4.075710  26.797116
  16   16     4      2   5.770086     2.136148     7.955496   3.273995     2.863445     0.722236     4.075710  26.797116
  11   11     8      2   3.157043     2.858598     6.336267   3.116776     3.051842     0.673513     2.903143  22.097182
  11   11     8      2   3.157043     2.858598     6.336267   3.116776     3.051842     0.673513     2.903143  22.097182
  11   11     8      2   3.157043     2.858598     6.336267   3.116776     3.051842     0.673513     2.903143  22.097182
  11   11     8      2   3.157043     2.858598     6.336267   3.116776     3.051842     0.673513     2.903143  22.097182
  11   11     8      2   3.157043     2.858598     6.336267   3.116776     3.051842     0.673513     2.903143  22.097182
   9    9    12      2   4.554407     4.048656     4.953743   3.117160     3.099581     0.635531     3.141368  23.550446
   9    9    12      2   4.554407     4.048656     4.953743   3.117160     3.099581     0.635531     3.141368  23.550446
   9    9    12      2   4.554407     4.048656     4.953743   3.117160     3.099581     0.635531     3.141368  23.550446
   9    9    12      2   4.554407     4.048656     4.953743   3.117160     3.099581     0.635531     3.141368  23.550446
   9    9    12      2   4.554407     4.048656     4.953743   3.117160     3.099581     0.635531     3.141368  23.550446
   8    8    16      2   2.612601     4.497201     3.363430   2.131334     2.464048     0.516952     5.141684  20.727250
   8    8    16      2   2.612601     4.497201     3.363430   2.131334     2.464048     0.516952     5.141684  20.727250
   8    8    16      2   2.612601     4.497201     3.363430   2.131334     2.464048     0.516952     5.141684  20.727250
   8    8    16      2   2.612601     4.497201     3.363430   2.131334     2.464048     0.516952     5.141684  20.727250
   8    8    16      2   2.612601     4.497201     3.363430   2.131334     2.464048     0.516952     5.141684  20.727250
  22   22     1      4  28.793439     0.000000    12.244039   3.465153     0.000000     0.728209     1.516419  46.747258
  22   22     1      4  28.793439     0.000000    12.244039   3.465153     0.000000     0.728209     1.516419  46.747258
  22   22     1      4  28.793439     0.000000    12.244039   3.465153     0.000000     0.728209     1.516419  46.747258
  22   22     1      4  28.793439     0.000000    12.244039   3.465153     0.000000     0.728209     1.516419  46.747258
  22   22     1      4  28.793439     0.000000    12.244039   3.465153     0.000000     0.728209     1.516419  46.747258
  16   16     2      4  15.167850     3.848384     8.466924   3.168093     2.563889     0.723677     1.755631  35.694448
  16   16     2      4  15.167850     3.848384     8.466924   3.168093     2.563889     0.723677     1.755631  35.694448
  16   16     2      4  15.167850     3.848384     8.466924   3.168093     2.563889     0.723677     1.755631  35.694448
  16   16     2      4  15.167850     3.848384     8.466924   3.168093     2.563889     0.723677     1.755631  35.694448
  16   16     2      4  15.167850     3.848384     8.466924   3.168093     2.563889     0.723677     1.755631  35.694448
  11   11     4      4   5.807845     4.146633     7.083083   3.531229     2.916318     0.734291     3.387198  27.606597
  11   11     4      4   5.807845     4.146633     7.083083   3.531229     2.916318     0.734291     3.387198  27.606597
  11   11     4      4   5.807845     4.146633     7.083083   3.531229     2.916318     0.734291     3.387198  27.606597
  11   11     4      4   5.807845     4.146633     7.083083   3.531229     2.916318     0.734291     3.387198  27.606597
  11   11     4      4   5.807845     4.146633     7.083083   3.531229     2.916318     0.734291     3.387198  27.606597
   8    8     8      4   3.450510     5.751140     5.091177   2.685678     3.206504     0.683560     3.578553  24.447122
   8    8     8      4   3.450510     5.751140     5.091177   2.685678     3.206504     0.683560     3.578553  24.447122
   8    8     8      4   3.450510     5.751140     5.091177   2.685678     3.206504     0.683560     3.578553  24.447122
   8    8     8      4   3.450510     5.751140     5.091177   2.685678     3.206504     0.683560     3.578553  24.447122
   8    8     8      4   3.450510     5.751140     5.091177   2.685678     3.206504     0.683560     3.578553  24.447122
   6    6    12      4   3.152611     6.241688     5.527439   3.321640     3.749704     0.739807     3.076218  25.809108
   6    6    12      4   3.152611     6.241688     5.527439   3.321640     3.749704     0.739807     3.076218  25.809108
   6    6    12      4   3.152611     6.241688     5.527439   3.321640     3.749704     0.739807     3.076218  25.809108
   6    6    12      4   3.152611     6.241688     5.527439   3.321640     3.749704     0.739807     3.076218  25.809108
   6    6    12      4   3.152611     6.241688     5.527439   3.321640     3.749704     0.739807     3.076218  25.809108
[NID 09109] 2015-08-08 09:19:55 Apid 8986812: initiated application termination
[NID 09109] 2015-08-08 09:19:55 Apid 8986812: initiated application termination
[NID 09109] 2015-08-08 09:19:55 Apid 8986812: initiated application termination
[NID 09109] 2015-08-08 09:19:55 Apid 8986812: initiated application termination
[NID 09109] 2015-08-08 09:19:55 Apid 8986812: initiated application termination
  16   16     1      8  25.048106     0.000000    10.146913   3.761464     0.000000     0.762881     1.042851  40.762215
  16   16     1      8  25.048106     0.000000    10.146913   3.761464     0.000000     0.762881     1.042851  40.762215
  16   16     1      8  25.048106     0.000000    10.146913   3.761464     0.000000     0.762881     1.042851  40.762215
  16   16     1      8  25.048106     0.000000    10.146913   3.761464     0.000000     0.762881     1.042851  40.762215
  16   16     1      8  25.048106     0.000000    10.146913   3.761464     0.000000     0.762881     1.042851  40.762215
  11   11     2      8  10.243723     8.198408     8.367784   4.013693     3.088625     0.839252     3.050975  37.802459
  11   11     2      8  10.243723     8.198408     8.367784   4.013693     3.088625     0.839252     3.050975  37.802459
  11   11     2      8  10.243723     8.198408     8.367784   4.013693     3.088625     0.839252     3.050975  37.802459
  11   11     2      8  10.243723     8.198408     8.367784   4.013693     3.088625     0.839252     3.050975  37.802459
  11   11     2      8  10.243723     8.198408     8.367784   4.013693     3.088625     0.839252     3.050975  37.802459
   8    8     4      8   6.457894     7.976393     6.353355   3.421510     3.338323     0.769616     3.211950  31.529042
   8    8     4      8   6.457894     7.976393     6.353355   3.421510     3.338323     0.769616     3.211950  31.529042
   8    8     4      8   6.457894     7.976393     6.353355   3.421510     3.338323     0.769616     3.211950  31.529042
   8    8     4      8   6.457894     7.976393     6.353355   3.421510     3.338323     0.769616     3.211950  31.529042
   8    8     4      8   6.457894     7.976393     6.353355   3.421510     3.338323     0.769616     3.211950  31.529042
terminate called after throwing an instance of 'std::bad_alloc'
terminate called after throwing an instance of 'std::bad_alloc'
terminate called after throwing an instance of 'std::bad_alloc'
terminate called after throwing an instance of 'std::bad_alloc'
terminate called after throwing an instance of 'std::bad_alloc'
terminate called after throwing an instance of 'std::bad_alloc'
terminate called after throwing an instance of 'std::bad_alloc'
terminate called after throwing an instance of 'std::bad_alloc'
terminate called after throwing an instance of 'std::bad_alloc'
terminate called after throwing an instance of 'std::bad_alloc'
