 256  256     1      1   8.356136     0.000000     0.187457   0.015568     0.000000     0.001931     0.020033   8.581125
 256  256     1      1   8.356136     0.000000     0.187457   0.015568     0.000000     0.001931     0.020033   8.581125
 256  256     1      1   8.356136     0.000000     0.187457   0.015568     0.000000     0.001931     0.020033   8.581125
 256  256     1      1   8.356136     0.000000     0.187457   0.015568     0.000000     0.001931     0.020033   8.581125
 256  256     1      1   8.356136     0.000000     0.187457   0.015568     0.000000     0.001931     0.020033   8.581125
 181  181     2      1   3.189886     0.001708     0.141828   0.015297     0.007010     0.001000     4.059708   7.416437
 181  181     2      1   3.189886     0.001708     0.141828   0.015297     0.007010     0.001000     4.059708   7.416437
 181  181     2      1   3.189886     0.001708     0.141828   0.015297     0.007010     0.001000     4.059708   7.416437
 181  181     2      1   3.189886     0.001708     0.141828   0.015297     0.007010     0.001000     4.059708   7.416437
 181  181     2      1   3.189886     0.001708     0.141828   0.015297     0.007010     0.001000     4.059708   7.416437
 128  128     4      1   1.137532     0.002709     0.102668   0.016206     0.008808     0.001341     3.865192   5.134455
 128  128     4      1   1.137532     0.002709     0.102668   0.016206     0.008808     0.001341     3.865192   5.134455
 128  128     4      1   1.137532     0.002709     0.102668   0.016206     0.008808     0.001341     3.865192   5.134455
 128  128     4      1   1.137532     0.002709     0.102668   0.016206     0.008808     0.001341     3.865192   5.134455
 128  128     4      1   1.137532     0.002709     0.102668   0.016206     0.008808     0.001341     3.865192   5.134455
  90   90     8      1   0.410368     0.007189     0.074856   0.013676     0.009921     0.001396     3.199004   3.716410
  90   90     8      1   0.410368     0.007189     0.074856   0.013676     0.009921     0.001396     3.199004   3.716410
  90   90     8      1   0.410368     0.007189     0.074856   0.013676     0.009921     0.001396     3.199004   3.716410
  90   90     8      1   0.410368     0.007189     0.074856   0.013676     0.009921     0.001396     3.199004   3.716410
  90   90     8      1   0.410368     0.007189     0.074856   0.013676     0.009921     0.001396     3.199004   3.716410
  73   73    12      1   0.220942     0.011210     0.061365   0.010091     0.009368     0.000959     3.262007   3.575943
  73   73    12      1   0.220942     0.011210     0.061365   0.010091     0.009368     0.000959     3.262007   3.575943
  73   73    12      1   0.220942     0.011210     0.061365   0.010091     0.009368     0.000959     3.262007   3.575943
  73   73    12      1   0.220942     0.011210     0.061365   0.010091     0.009368     0.000959     3.262007   3.575943
  73   73    12      1   0.220942     0.011210     0.061365   0.010091     0.009368     0.000959     3.262007   3.575943
  64   64    16      1   0.227046     0.010467     0.047574   0.008746     0.007779     0.000577     1.435429   1.737618
  64   64    16      1   0.227046     0.010467     0.047574   0.008746     0.007779     0.000577     1.435429   1.737618
  64   64    16      1   0.227046     0.010467     0.047574   0.008746     0.007779     0.000577     1.435429   1.737618
  64   64    16      1   0.227046     0.010467     0.047574   0.008746     0.007779     0.000577     1.435429   1.737618
  64   64    16      1   0.227046     0.010467     0.047574   0.008746     0.007779     0.000577     1.435429   1.737618
 181  181     1      2   3.893607     0.000000     0.162678   0.020046     0.000000     0.002492     0.028403   4.107226
 181  181     1      2   3.893607     0.000000     0.162678   0.020046     0.000000     0.002492     0.028403   4.107226
 181  181     1      2   3.893607     0.000000     0.162678   0.020046     0.000000     0.002492     0.028403   4.107226
 181  181     1      2   3.893607     0.000000     0.162678   0.020046     0.000000     0.002492     0.028403   4.107226
 181  181     1      2   3.893607     0.000000     0.162678   0.020046     0.000000     0.002492     0.028403   4.107226
 128  128     2      2   2.007028     0.004950     0.110275   0.015472     0.007815     0.002262     1.298989   3.446790
 128  128     2      2   2.007028     0.004950     0.110275   0.015472     0.007815     0.002262     1.298989   3.446790
 128  128     2      2   2.007028     0.004950     0.110275   0.015472     0.007815     0.002262     1.298989   3.446790
 128  128     2      2   2.007028     0.004950     0.110275   0.015472     0.007815     0.002262     1.298989   3.446790
 128  128     2      2   2.007028     0.004950     0.110275   0.015472     0.007815     0.002262     1.298989   3.446790
  90   90     4      2   0.849918     0.005796     0.079753   0.018997     0.010292     0.002593     1.307174   2.274523
  90   90     4      2   0.849918     0.005796     0.079753   0.018997     0.010292     0.002593     1.307174   2.274523
  90   90     4      2   0.849918     0.005796     0.079753   0.018997     0.010292     0.002593     1.307174   2.274523
  90   90     4      2   0.849918     0.005796     0.079753   0.018997     0.010292     0.002593     1.307174   2.274523
  90   90     4      2   0.849918     0.005796     0.079753   0.018997     0.010292     0.002593     1.307174   2.274523
  64   64     8      2   0.632826     0.010264     0.058305   0.016432     0.011699     0.002497     0.442389   1.174412
  64   64     8      2   0.632826     0.010264     0.058305   0.016432     0.011699     0.002497     0.442389   1.174412
  64   64     8      2   0.632826     0.010264     0.058305   0.016432     0.011699     0.002497     0.442389   1.174412
  64   64     8      2   0.632826     0.010264     0.058305   0.016432     0.011699     0.002497     0.442389   1.174412
  64   64     8      2   0.632826     0.010264     0.058305   0.016432     0.011699     0.002497     0.442389   1.174412
  52   52    12      2   0.330393     0.015798     0.046846   0.011345     0.009466     0.001182     0.728927   1.143958
  52   52    12      2   0.330393     0.015798     0.046846   0.011345     0.009466     0.001182     0.728927   1.143958
  52   52    12      2   0.330393     0.015798     0.046846   0.011345     0.009466     0.001182     0.728927   1.143958
  52   52    12      2   0.330393     0.015798     0.046846   0.011345     0.009466     0.001182     0.728927   1.143958
  52   52    12      2   0.330393     0.015798     0.046846   0.011345     0.009466     0.001182     0.728927   1.143958
  45   45    16      2   0.184571     0.013190     0.044082   0.014662     0.011116     0.001112     0.595050   0.863783
  45   45    16      2   0.184571     0.013190     0.044082   0.014662     0.011116     0.001112     0.595050   0.863783
  45   45    16      2   0.184571     0.013190     0.044082   0.014662     0.011116     0.001112     0.595050   0.863783
  45   45    16      2   0.184571     0.013190     0.044082   0.014662     0.011116     0.001112     0.595050   0.863783
  45   45    16      2   0.184571     0.013190     0.044082   0.014662     0.011116     0.001112     0.595050   0.863783
 128  128     1      4   3.907205     0.000000     0.136053   0.018352     0.000000     0.002509     0.016042   4.080160
 128  128     1      4   3.907205     0.000000     0.136053   0.018352     0.000000     0.002509     0.016042   4.080160
 128  128     1      4   3.907205     0.000000     0.136053   0.018352     0.000000     0.002509     0.016042   4.080160
 128  128     1      4   3.907205     0.000000     0.136053   0.018352     0.000000     0.002509     0.016042   4.080160
 128  128     1      4   3.907205     0.000000     0.136053   0.018352     0.000000     0.002509     0.016042   4.080160
  90   90     2      4   2.237858     0.011892     0.097614   0.018949     0.008184     0.002830     0.281647   2.658973
  90   90     2      4   2.237858     0.011892     0.097614   0.018949     0.008184     0.002830     0.281647   2.658973
  90   90     2      4   2.237858     0.011892     0.097614   0.018949     0.008184     0.002830     0.281647   2.658973
  90   90     2      4   2.237858     0.011892     0.097614   0.018949     0.008184     0.002830     0.281647   2.658973
  90   90     2      4   2.237858     0.011892     0.097614   0.018949     0.008184     0.002830     0.281647   2.658973
  64   64     4      4   0.870442     0.008400     0.055137   0.012772     0.005485     0.001637     0.429950   1.383823
  64   64     4      4   0.870442     0.008400     0.055137   0.012772     0.005485     0.001637     0.429950   1.383823
  64   64     4      4   0.870442     0.008400     0.055137   0.012772     0.005485     0.001637     0.429950   1.383823
  64   64     4      4   0.870442     0.008400     0.055137   0.012772     0.005485     0.001637     0.429950   1.383823
  64   64     4      4   0.870442     0.008400     0.055137   0.012772     0.005485     0.001637     0.429950   1.383823
  45   45     8      4   0.368134     0.019682     0.048370   0.014653     0.010950     0.002572     0.297182   0.761543
  45   45     8      4   0.368134     0.019682     0.048370   0.014653     0.010950     0.002572     0.297182   0.761543
  45   45     8      4   0.368134     0.019682     0.048370   0.014653     0.010950     0.002572     0.297182   0.761543
  45   45     8      4   0.368134     0.019682     0.048370   0.014653     0.010950     0.002572     0.297182   0.761543
  45   45     8      4   0.368134     0.019682     0.048370   0.014653     0.010950     0.002572     0.297182   0.761543
  36   36    12      4   0.250737     0.026635     0.042802   0.017174     0.012805     0.002488     0.208782   0.561423
  36   36    12      4   0.250737     0.026635     0.042802   0.017174     0.012805     0.002488     0.208782   0.561423
  36   36    12      4   0.250737     0.026635     0.042802   0.017174     0.012805     0.002488     0.208782   0.561423
  36   36    12      4   0.250737     0.026635     0.042802   0.017174     0.012805     0.002488     0.208782   0.561423
  36   36    12      4   0.250737     0.026635     0.042802   0.017174     0.012805     0.002488     0.208782   0.561423
  32   32    16      4   0.273557     0.022651     0.034380   0.011690     0.010481     0.001272     0.078907   0.432938
  32   32    16      4   0.273557     0.022651     0.034380   0.011690     0.010481     0.001272     0.078907   0.432938
  32   32    16      4   0.273557     0.022651     0.034380   0.011690     0.010481     0.001272     0.078907   0.432938
  32   32    16      4   0.273557     0.022651     0.034380   0.011690     0.010481     0.001272     0.078907   0.432938
  32   32    16      4   0.273557     0.022651     0.034380   0.011690     0.010481     0.001272     0.078907   0.432938
  90   90     1      8   2.678353     0.000000     0.122495   0.020061     0.000000     0.003080     0.015403   2.839392
  90   90     1      8   2.678353     0.000000     0.122495   0.020061     0.000000     0.003080     0.015403   2.839392
  90   90     1      8   2.678353     0.000000     0.122495   0.020061     0.000000     0.003080     0.015403   2.839392
  90   90     1      8   2.678353     0.000000     0.122495   0.020061     0.000000     0.003080     0.015403   2.839392
  90   90     1      8   2.678353     0.000000     0.122495   0.020061     0.000000     0.003080     0.015403   2.839392
  64   64     2      8   1.085126     0.024921     0.086076   0.019615     0.011036     0.002792     0.066841   1.296406
  64   64     2      8   1.085126     0.024921     0.086076   0.019615     0.011036     0.002792     0.066841   1.296406
  64   64     2      8   1.085126     0.024921     0.086076   0.019615     0.011036     0.002792     0.066841   1.296406
  64   64     2      8   1.085126     0.024921     0.086076   0.019615     0.011036     0.002792     0.066841   1.296406
  64   64     2      8   1.085126     0.024921     0.086076   0.019615     0.011036     0.002792     0.066841   1.296406
  45   45     4      8   0.879120     0.028287     0.061754   0.017776     0.013114     0.002360     0.123545   1.125955
  45   45     4      8   0.879120     0.028287     0.061754   0.017776     0.013114     0.002360     0.123545   1.125955
  45   45     4      8   0.879120     0.028287     0.061754   0.017776     0.013114     0.002360     0.123545   1.125955
  45   45     4      8   0.879120     0.028287     0.061754   0.017776     0.013114     0.002360     0.123545   1.125955
  45   45     4      8   0.879120     0.028287     0.061754   0.017776     0.013114     0.002360     0.123545   1.125955
  32   32     8      8   0.326489     0.025425     0.044157   0.016731     0.013799     0.002773     0.069374   0.498748
  32   32     8      8   0.326489     0.025425     0.044157   0.016731     0.013799     0.002773     0.069374   0.498748
  32   32     8      8   0.326489     0.025425     0.044157   0.016731     0.013799     0.002773     0.069374   0.498748
  32   32     8      8   0.326489     0.025425     0.044157   0.016731     0.013799     0.002773     0.069374   0.498748
  32   32     8      8   0.326489     0.025425     0.044157   0.016731     0.013799     0.002773     0.069374   0.498748
  26   26    12      8   0.251950     0.035782     0.038155   0.016590     0.013330     0.002902     0.055460   0.414169
  26   26    12      8   0.251950     0.035782     0.038155   0.016590     0.013330     0.002902     0.055460   0.414169
  26   26    12      8   0.251950     0.035782     0.038155   0.016590     0.013330     0.002902     0.055460   0.414169
  26   26    12      8   0.251950     0.035782     0.038155   0.016590     0.013330     0.002902     0.055460   0.414169
  26   26    12      8   0.251950     0.035782     0.038155   0.016590     0.013330     0.002902     0.055460   0.414169
  22   22    16      8   0.185273     0.025032     0.038539   0.025910     0.016567     0.002850     0.066181   0.360353
  22   22    16      8   0.185273     0.025032     0.038539   0.025910     0.016567     0.002850     0.066181   0.360353
  22   22    16      8   0.185273     0.025032     0.038539   0.025910     0.016567     0.002850     0.066181   0.360353
  22   22    16      8   0.185273     0.025032     0.038539   0.025910     0.016567     0.002850     0.066181   0.360353
  22   22    16      8   0.185273     0.025032     0.038539   0.025910     0.016567     0.002850     0.066181   0.360353
  64   64     1     16   1.177062     0.000000     0.143624   0.025620     0.000000     0.005466     0.015421   1.367193
  64   64     1     16   1.177062     0.000000     0.143624   0.025620     0.000000     0.005466     0.015421   1.367193
  64   64     1     16   1.177062     0.000000     0.143624   0.025620     0.000000     0.005466     0.015421   1.367193
  64   64     1     16   1.177062     0.000000     0.143624   0.025620     0.000000     0.005466     0.015421   1.367193
  64   64     1     16   1.177062     0.000000     0.143624   0.025620     0.000000     0.005466     0.015421   1.367193
  45   45     2     16   0.886494     0.033388     0.102183   0.023244     0.016635     0.005013     0.033943   1.100900
  45   45     2     16   0.886494     0.033388     0.102183   0.023244     0.016635     0.005013     0.033943   1.100900
  45   45     2     16   0.886494     0.033388     0.102183   0.023244     0.016635     0.005013     0.033943   1.100900
  45   45     2     16   0.886494     0.033388     0.102183   0.023244     0.016635     0.005013     0.033943   1.100900
  45   45     2     16   0.886494     0.033388     0.102183   0.023244     0.016635     0.005013     0.033943   1.100900
  32   32     4     16   0.377377     0.033648     0.073437   0.021918     0.018366     0.004996     0.018903   0.548645
  32   32     4     16   0.377377     0.033648     0.073437   0.021918     0.018366     0.004996     0.018903   0.548645
  32   32     4     16   0.377377     0.033648     0.073437   0.021918     0.018366     0.004996     0.018903   0.548645
  32   32     4     16   0.377377     0.033648     0.073437   0.021918     0.018366     0.004996     0.018903   0.548645
  32   32     4     16   0.377377     0.033648     0.073437   0.021918     0.018366     0.004996     0.018903   0.548645
  22   22     8     16   0.200885     0.036952     0.058263   0.030469     0.020039     0.005076     0.116482   0.468166
  22   22     8     16   0.200885     0.036952     0.058263   0.030469     0.020039     0.005076     0.116482   0.468166
  22   22     8     16   0.200885     0.036952     0.058263   0.030469     0.020039     0.005076     0.116482   0.468166
  22   22     8     16   0.200885     0.036952     0.058263   0.030469     0.020039     0.005076     0.116482   0.468166
  22   22     8     16   0.200885     0.036952     0.058263   0.030469     0.020039     0.005076     0.116482   0.468166
  18   18    12     16   0.279814     0.061408     0.045790   0.018621     0.021514     0.005290     0.196383   0.628821
  18   18    12     16   0.279814     0.061408     0.045790   0.018621     0.021514     0.005290     0.196383   0.628821
  18   18    12     16   0.279814     0.061408     0.045790   0.018621     0.021514     0.005290     0.196383   0.628821
  18   18    12     16   0.279814     0.061408     0.045790   0.018621     0.021514     0.005290     0.196383   0.628821
  18   18    12     16   0.279814     0.061408     0.045790   0.018621     0.021514     0.005290     0.196383   0.628821
  16   16    16     16   0.162306     0.050844     0.038337   0.016712     0.020625     0.003255     0.079243   0.371322
  16   16    16     16   0.162306     0.050844     0.038337   0.016712     0.020625     0.003255     0.079243   0.371322
  16   16    16     16   0.162306     0.050844     0.038337   0.016712     0.020625     0.003255     0.079243   0.371322
  16   16    16     16   0.162306     0.050844     0.038337   0.016712     0.020625     0.003255     0.079243   0.371322
  16   16    16     16   0.162306     0.050844     0.038337   0.016712     0.020625     0.003255     0.079243   0.371322
