 128  128     1      1  13.013802     0.000000     1.795075   0.295031     0.000000     0.048907     0.053652  15.206467
 128  128     1      1  13.013802     0.000000     1.795075   0.295031     0.000000     0.048907     0.053652  15.206467
 128  128     1      1  13.013802     0.000000     1.795075   0.295031     0.000000     0.048907     0.053652  15.206467
 128  128     1      1  13.013802     0.000000     1.795075   0.295031     0.000000     0.048907     0.053652  15.206467
 128  128     1      1  13.013802     0.000000     1.795075   0.295031     0.000000     0.048907     0.053652  15.206467
  90   90     2      1   6.737663     0.067275     1.288282   0.241951     0.136203     0.043370     0.436245   8.950989
  90   90     2      1   6.737663     0.067275     1.288282   0.241951     0.136203     0.043370     0.436245   8.950989
  90   90     2      1   6.737663     0.067275     1.288282   0.241951     0.136203     0.043370     0.436245   8.950989
  90   90     2      1   6.737663     0.067275     1.288282   0.241951     0.136203     0.043370     0.436245   8.950989
  90   90     2      1   6.737663     0.067275     1.288282   0.241951     0.136203     0.043370     0.436245   8.950989
  64   64     4      1   4.260131     0.071759     0.938056   0.228568     0.131430     0.035337     0.591194   6.256476
  64   64     4      1   4.260131     0.071759     0.938056   0.228568     0.131430     0.035337     0.591194   6.256476
  64   64     4      1   4.260131     0.071759     0.938056   0.228568     0.131430     0.035337     0.591194   6.256476
  64   64     4      1   4.260131     0.071759     0.938056   0.228568     0.131430     0.035337     0.591194   6.256476
  64   64     4      1   4.260131     0.071759     0.938056   0.228568     0.131430     0.035337     0.591194   6.256476
  45   45     8      1   2.867698     0.089091     0.660488   0.182588     0.151813     0.034024     0.629770   4.615472
  45   45     8      1   2.867698     0.089091     0.660488   0.182588     0.151813     0.034024     0.629770   4.615472
  45   45     8      1   2.867698     0.089091     0.660488   0.182588     0.151813     0.034024     0.629770   4.615472
  45   45     8      1   2.867698     0.089091     0.660488   0.182588     0.151813     0.034024     0.629770   4.615472
  45   45     8      1   2.867698     0.089091     0.660488   0.182588     0.151813     0.034024     0.629770   4.615472
  36   36    12      1   2.768391     0.143522     0.559812   0.171430     0.185780     0.023803     0.670181   4.522919
  36   36    12      1   2.768391     0.143522     0.559812   0.171430     0.185780     0.023803     0.670181   4.522919
  36   36    12      1   2.768391     0.143522     0.559812   0.171430     0.185780     0.023803     0.670181   4.522919
  36   36    12      1   2.768391     0.143522     0.559812   0.171430     0.185780     0.023803     0.670181   4.522919
  36   36    12      1   2.768391     0.143522     0.559812   0.171430     0.185780     0.023803     0.670181   4.522919
  32   32    16      1   2.329504     0.150300     0.493197   0.186087     0.184257     0.024028     0.434920   3.802293
  32   32    16      1   2.329504     0.150300     0.493197   0.186087     0.184257     0.024028     0.434920   3.802293
  32   32    16      1   2.329504     0.150300     0.493197   0.186087     0.184257     0.024028     0.434920   3.802293
  32   32    16      1   2.329504     0.150300     0.493197   0.186087     0.184257     0.024028     0.434920   3.802293
  32   32    16      1   2.329504     0.150300     0.493197   0.186087     0.184257     0.024028     0.434920   3.802293
  90   90     1      2  10.410943     0.000000     1.358384   0.267046     0.000000     0.054623     0.088148  12.179144
  90   90     1      2  10.410943     0.000000     1.358384   0.267046     0.000000     0.054623     0.088148  12.179144
  90   90     1      2  10.410943     0.000000     1.358384   0.267046     0.000000     0.054623     0.088148  12.179144
  90   90     1      2  10.410943     0.000000     1.358384   0.267046     0.000000     0.054623     0.088148  12.179144
  90   90     1      2  10.410943     0.000000     1.358384   0.267046     0.000000     0.054623     0.088148  12.179144
  64   64     2      2   5.451790     0.128706     0.973688   0.243816     0.139198     0.041443     0.310506   7.289147
  64   64     2      2   5.451790     0.128706     0.973688   0.243816     0.139198     0.041443     0.310506   7.289147
  64   64     2      2   5.451790     0.128706     0.973688   0.243816     0.139198     0.041443     0.310506   7.289147
  64   64     2      2   5.451790     0.128706     0.973688   0.243816     0.139198     0.041443     0.310506   7.289147
  64   64     2      2   5.451790     0.128706     0.973688   0.243816     0.139198     0.041443     0.310506   7.289147
  45   45     4      2   3.545493     0.134070     0.698094   0.238017     0.156750     0.041052     0.474355   5.287830
  45   45     4      2   3.545493     0.134070     0.698094   0.238017     0.156750     0.041052     0.474355   5.287830
  45   45     4      2   3.545493     0.134070     0.698094   0.238017     0.156750     0.041052     0.474355   5.287830
  45   45     4      2   3.545493     0.134070     0.698094   0.238017     0.156750     0.041052     0.474355   5.287830
  45   45     4      2   3.545493     0.134070     0.698094   0.238017     0.156750     0.041052     0.474355   5.287830
  32   32     8      2   2.343887     0.203219     0.501820   0.179754     0.168082     0.036779     0.482925   3.916466
  32   32     8      2   2.343887     0.203219     0.501820   0.179754     0.168082     0.036779     0.482925   3.916466
  32   32     8      2   2.343887     0.203219     0.501820   0.179754     0.168082     0.036779     0.482925   3.916466
  32   32     8      2   2.343887     0.203219     0.501820   0.179754     0.168082     0.036779     0.482925   3.916466
  32   32     8      2   2.343887     0.203219     0.501820   0.179754     0.168082     0.036779     0.482925   3.916466
  26   26    12      2   1.980441     0.233020     0.421537   0.173190     0.174208     0.038577     0.813545   3.834518
  26   26    12      2   1.980441     0.233020     0.421537   0.173190     0.174208     0.038577     0.813545   3.834518
  26   26    12      2   1.980441     0.233020     0.421537   0.173190     0.174208     0.038577     0.813545   3.834518
  26   26    12      2   1.980441     0.233020     0.421537   0.173190     0.174208     0.038577     0.813545   3.834518
  26   26    12      2   1.980441     0.233020     0.421537   0.173190     0.174208     0.038577     0.813545   3.834518
  22   22    16      2   1.510670     0.201888     0.408754   0.185443     0.187930     0.037836     0.550985   3.083505
  22   22    16      2   1.510670     0.201888     0.408754   0.185443     0.187930     0.037836     0.550985   3.083505
  22   22    16      2   1.510670     0.201888     0.408754   0.185443     0.187930     0.037836     0.550985   3.083505
  22   22    16      2   1.510670     0.201888     0.408754   0.185443     0.187930     0.037836     0.550985   3.083505
  22   22    16      2   1.510670     0.201888     0.408754   0.185443     0.187930     0.037836     0.550985   3.083505
  64   64     1      4   9.312567     0.000000     0.970980   0.135203     0.000000     0.026663     0.726722  11.172135
  64   64     1      4   9.312567     0.000000     0.970980   0.135203     0.000000     0.026663     0.726722  11.172135
  64   64     1      4   9.312567     0.000000     0.970980   0.135203     0.000000     0.026663     0.726722  11.172135
  64   64     1      4   9.312567     0.000000     0.970980   0.135203     0.000000     0.026663     0.726722  11.172135
  64   64     1      4   9.312567     0.000000     0.970980   0.135203     0.000000     0.026663     0.726722  11.172135
  45   45     2      4   4.509323     0.224418     0.782310   0.236054     0.129441     0.038538     0.452520   6.372604
  45   45     2      4   4.509323     0.224418     0.782310   0.236054     0.129441     0.038538     0.452520   6.372604
  45   45     2      4   4.509323     0.224418     0.782310   0.236054     0.129441     0.038538     0.452520   6.372604
  45   45     2      4   4.509323     0.224418     0.782310   0.236054     0.129441     0.038538     0.452520   6.372604
  45   45     2      4   4.509323     0.224418     0.782310   0.236054     0.129441     0.038538     0.452520   6.372604
  32   32     4      4   2.829202     0.230074     0.559438   0.206644     0.148854     0.042448     0.610066   4.626726
  32   32     4      4   2.829202     0.230074     0.559438   0.206644     0.148854     0.042448     0.610066   4.626726
  32   32     4      4   2.829202     0.230074     0.559438   0.206644     0.148854     0.042448     0.610066   4.626726
  32   32     4      4   2.829202     0.230074     0.559438   0.206644     0.148854     0.042448     0.610066   4.626726
  32   32     4      4   2.829202     0.230074     0.559438   0.206644     0.148854     0.042448     0.610066   4.626726
  22   22     8      4   1.879050     0.325454     0.430100   0.205173     0.201554     0.049760     0.374983   3.466074
  22   22     8      4   1.879050     0.325454     0.430100   0.205173     0.201554     0.049760     0.374983   3.466074
  22   22     8      4   1.879050     0.325454     0.430100   0.205173     0.201554     0.049760     0.374983   3.466074
  22   22     8      4   1.879050     0.325454     0.430100   0.205173     0.201554     0.049760     0.374983   3.466074
  22   22     8      4   1.879050     0.325454     0.430100   0.205173     0.201554     0.049760     0.374983   3.466074
  18   18    12      4   1.461083     0.402083     0.407037   0.218885     0.185796     0.028014     0.952496   3.655395
  18   18    12      4   1.461083     0.402083     0.407037   0.218885     0.185796     0.028014     0.952496   3.655395
  18   18    12      4   1.461083     0.402083     0.407037   0.218885     0.185796     0.028014     0.952496   3.655395
  18   18    12      4   1.461083     0.402083     0.407037   0.218885     0.185796     0.028014     0.952496   3.655395
  18   18    12      4   1.461083     0.402083     0.407037   0.218885     0.185796     0.028014     0.952496   3.655395
  16   16    16      4   1.334346     0.332081     0.323937   0.165694     0.181170     0.035702     0.561533   2.934463
  16   16    16      4   1.334346     0.332081     0.323937   0.165694     0.181170     0.035702     0.561533   2.934463
  16   16    16      4   1.334346     0.332081     0.323937   0.165694     0.181170     0.035702     0.561533   2.934463
  16   16    16      4   1.334346     0.332081     0.323937   0.165694     0.181170     0.035702     0.561533   2.934463
  16   16    16      4   1.334346     0.332081     0.323937   0.165694     0.181170     0.035702     0.561533   2.934463
  45   45     1      8   7.412527     0.000000     0.956232   0.238455     0.000000     0.046937     0.199527   8.853678
  45   45     1      8   7.412527     0.000000     0.956232   0.238455     0.000000     0.046937     0.199527   8.853678
  45   45     1      8   7.412527     0.000000     0.956232   0.238455     0.000000     0.046937     0.199527   8.853678
  45   45     1      8   7.412527     0.000000     0.956232   0.238455     0.000000     0.046937     0.199527   8.853678
  45   45     1      8   7.412527     0.000000     0.956232   0.238455     0.000000     0.046937     0.199527   8.853678
  32   32     2      8   3.508450     0.443294     0.682944   0.228607     0.173201     0.047315     0.380045   5.463856
  32   32     2      8   3.508450     0.443294     0.682944   0.228607     0.173201     0.047315     0.380045   5.463856
  32   32     2      8   3.508450     0.443294     0.682944   0.228607     0.173201     0.047315     0.380045   5.463856
  32   32     2      8   3.508450     0.443294     0.682944   0.228607     0.173201     0.047315     0.380045   5.463856
  32   32     2      8   3.508450     0.443294     0.682944   0.228607     0.173201     0.047315     0.380045   5.463856
  22   22     4      8   1.987754     0.457940     0.540246   0.239650     0.192345     0.050109     0.761868   4.229912
  22   22     4      8   1.987754     0.457940     0.540246   0.239650     0.192345     0.050109     0.761868   4.229912
  22   22     4      8   1.987754     0.457940     0.540246   0.239650     0.192345     0.050109     0.761868   4.229912
  22   22     4      8   1.987754     0.457940     0.540246   0.239650     0.192345     0.050109     0.761868   4.229912
  22   22     4      8   1.987754     0.457940     0.540246   0.239650     0.192345     0.050109     0.761868   4.229912
  16   16     8      8   1.344721     0.482449     0.402922   0.192099     0.179223     0.046100     0.734489   3.382003
  16   16     8      8   1.344721     0.482449     0.402922   0.192099     0.179223     0.046100     0.734489   3.382003
  16   16     8      8   1.344721     0.482449     0.402922   0.192099     0.179223     0.046100     0.734489   3.382003
  16   16     8      8   1.344721     0.482449     0.402922   0.192099     0.179223     0.046100     0.734489   3.382003
  16   16     8      8   1.344721     0.482449     0.402922   0.192099     0.179223     0.046100     0.734489   3.382003
  13   13    12      8   1.288582     0.481669     0.351379   0.196849     0.204026     0.049126     0.514803   3.086434
  13   13    12      8   1.288582     0.481669     0.351379   0.196849     0.204026     0.049126     0.514803   3.086434
  13   13    12      8   1.288582     0.481669     0.351379   0.196849     0.204026     0.049126     0.514803   3.086434
  13   13    12      8   1.288582     0.481669     0.351379   0.196849     0.204026     0.049126     0.514803   3.086434
  13   13    12      8   1.288582     0.481669     0.351379   0.196849     0.204026     0.049126     0.514803   3.086434
  11   11    16      8   0.984843     0.623929     0.367186   0.247168     0.249566     0.050774     0.729217   3.252683
  11   11    16      8   0.984843     0.623929     0.367186   0.247168     0.249566     0.050774     0.729217   3.252683
  11   11    16      8   0.984843     0.623929     0.367186   0.247168     0.249566     0.050774     0.729217   3.252683
  11   11    16      8   0.984843     0.623929     0.367186   0.247168     0.249566     0.050774     0.729217   3.252683
  11   11    16      8   0.984843     0.623929     0.367186   0.247168     0.249566     0.050774     0.729217   3.252683
  32   32     1     16   5.807950     0.000000     0.950486   0.275493     0.000000     0.078973     0.172399   7.285302
  32   32     1     16   5.807950     0.000000     0.950486   0.275493     0.000000     0.078973     0.172399   7.285302
  32   32     1     16   5.807950     0.000000     0.950486   0.275493     0.000000     0.078973     0.172399   7.285302
  32   32     1     16   5.807950     0.000000     0.950486   0.275493     0.000000     0.078973     0.172399   7.285302
  32   32     1     16   5.807950     0.000000     0.950486   0.275493     0.000000     0.078973     0.172399   7.285302
  22   22     2     16   3.426879     0.772380     0.736216   0.285166     0.268486     0.087925     0.264314   5.841366
  22   22     2     16   3.426879     0.772380     0.736216   0.285166     0.268486     0.087925     0.264314   5.841366
  22   22     2     16   3.426879     0.772380     0.736216   0.285166     0.268486     0.087925     0.264314   5.841366
  22   22     2     16   3.426879     0.772380     0.736216   0.285166     0.268486     0.087925     0.264314   5.841366
  22   22     2     16   3.426879     0.772380     0.736216   0.285166     0.268486     0.087925     0.264314   5.841366
  16   16     4     16   1.942130     0.779450     0.525291   0.251094     0.259242     0.088819     1.120245   4.966271
  16   16     4     16   1.942130     0.779450     0.525291   0.251094     0.259242     0.088819     1.120245   4.966271
  16   16     4     16   1.942130     0.779450     0.525291   0.251094     0.259242     0.088819     1.120245   4.966271
  16   16     4     16   1.942130     0.779450     0.525291   0.251094     0.259242     0.088819     1.120245   4.966271
  16   16     4     16   1.942130     0.779450     0.525291   0.251094     0.259242     0.088819     1.120245   4.966271
  11   11     8     16   1.408914     0.647620     0.522390   0.316152     0.325538     0.083570     0.592318   3.896502
  11   11     8     16   1.408914     0.647620     0.522390   0.316152     0.325538     0.083570     0.592318   3.896502
  11   11     8     16   1.408914     0.647620     0.522390   0.316152     0.325538     0.083570     0.592318   3.896502
  11   11     8     16   1.408914     0.647620     0.522390   0.316152     0.325538     0.083570     0.592318   3.896502
  11   11     8     16   1.408914     0.647620     0.522390   0.316152     0.325538     0.083570     0.592318   3.896502
   9    9    12     16   1.454834     1.051882     0.481100   0.321788     0.387977     0.105433     0.246160   4.049174
   9    9    12     16   1.454834     1.051882     0.481100   0.321788     0.387977     0.105433     0.246160   4.049174
   9    9    12     16   1.454834     1.051882     0.481100   0.321788     0.387977     0.105433     0.246160   4.049174
   9    9    12     16   1.454834     1.051882     0.481100   0.321788     0.387977     0.105433     0.246160   4.049174
   9    9    12     16   1.454834     1.051882     0.481100   0.321788     0.387977     0.105433     0.246160   4.049174
   8    8    16     16   0.941589     0.720642     0.384547   0.265586     0.308665     0.081028     0.944179   3.646236
   8    8    16     16   0.941589     0.720642     0.384547   0.265586     0.308665     0.081028     0.944179   3.646236
   8    8    16     16   0.941589     0.720642     0.384547   0.265586     0.308665     0.081028     0.944179   3.646236
   8    8    16     16   0.941589     0.720642     0.384547   0.265586     0.308665     0.081028     0.944179   3.646236
   8    8    16     16   0.941589     0.720642     0.384547   0.265586     0.308665     0.081028     0.944179   3.646236
