 128  128     1      1   6.658864     0.000000     0.830630   0.125603     0.000000     0.022122     0.077063   7.714282
 128  128     1      1   6.658864     0.000000     0.830630   0.125603     0.000000     0.022122     0.077063   7.714282
 128  128     1      1   6.658864     0.000000     0.830630   0.125603     0.000000     0.022122     0.077063   7.714282
 128  128     1      1   6.658864     0.000000     0.830630   0.125603     0.000000     0.022122     0.077063   7.714282
 128  128     1      1   6.658864     0.000000     0.830630   0.125603     0.000000     0.022122     0.077063   7.714282
  90   90     2      1   3.365210     0.031421     0.618512   0.122354     0.067935     0.019100     0.259483   4.484016
  90   90     2      1   3.365210     0.031421     0.618512   0.122354     0.067935     0.019100     0.259483   4.484016
  90   90     2      1   3.365210     0.031421     0.618512   0.122354     0.067935     0.019100     0.259483   4.484016
  90   90     2      1   3.365210     0.031421     0.618512   0.122354     0.067935     0.019100     0.259483   4.484016
  90   90     2      1   3.365210     0.031421     0.618512   0.122354     0.067935     0.019100     0.259483   4.484016
  64   64     4      1   2.171580     0.034951     0.445378   0.115526     0.075024     0.019033     0.427370   3.288861
  64   64     4      1   2.171580     0.034951     0.445378   0.115526     0.075024     0.019033     0.427370   3.288861
  64   64     4      1   2.171580     0.034951     0.445378   0.115526     0.075024     0.019033     0.427370   3.288861
  64   64     4      1   2.171580     0.034951     0.445378   0.115526     0.075024     0.019033     0.427370   3.288861
  64   64     4      1   2.171580     0.034951     0.445378   0.115526     0.075024     0.019033     0.427370   3.288861
  45   45     8      1   1.463612     0.072900     0.320151   0.089278     0.092880     0.020284     0.478150   2.537256
  45   45     8      1   1.463612     0.072900     0.320151   0.089278     0.092880     0.020284     0.478150   2.537256
  45   45     8      1   1.463612     0.072900     0.320151   0.089278     0.092880     0.020284     0.478150   2.537256
  45   45     8      1   1.463612     0.072900     0.320151   0.089278     0.092880     0.020284     0.478150   2.537256
  45   45     8      1   1.463612     0.072900     0.320151   0.089278     0.092880     0.020284     0.478150   2.537256
  36   36    12      1   1.554896     0.040952     0.274625   0.099452     0.087308     0.010294     0.446083   2.513610
  36   36    12      1   1.554896     0.040952     0.274625   0.099452     0.087308     0.010294     0.446083   2.513610
  36   36    12      1   1.554896     0.040952     0.274625   0.099452     0.087308     0.010294     0.446083   2.513610
  36   36    12      1   1.554896     0.040952     0.274625   0.099452     0.087308     0.010294     0.446083   2.513610
  36   36    12      1   1.554896     0.040952     0.274625   0.099452     0.087308     0.010294     0.446083   2.513610
  32   32    16      1   1.467520     0.067851     0.236594   0.102962     0.090734     0.013759     0.369914   2.349334
  32   32    16      1   1.467520     0.067851     0.236594   0.102962     0.090734     0.013759     0.369914   2.349334
  32   32    16      1   1.467520     0.067851     0.236594   0.102962     0.090734     0.013759     0.369914   2.349334
  32   32    16      1   1.467520     0.067851     0.236594   0.102962     0.090734     0.013759     0.369914   2.349334
  32   32    16      1   1.467520     0.067851     0.236594   0.102962     0.090734     0.013759     0.369914   2.349334
  90   90     1      2   4.945437     0.000000     0.659462   0.121264     0.000000     0.020064     0.073342   5.819569
  90   90     1      2   4.945437     0.000000     0.659462   0.121264     0.000000     0.020064     0.073342   5.819569
  90   90     1      2   4.945437     0.000000     0.659462   0.121264     0.000000     0.020064     0.073342   5.819569
  90   90     1      2   4.945437     0.000000     0.659462   0.121264     0.000000     0.020064     0.073342   5.819569
  90   90     1      2   4.945437     0.000000     0.659462   0.121264     0.000000     0.020064     0.073342   5.819569
  64   64     2      2   2.821784     0.058137     0.469561   0.124282     0.065791     0.020270     0.127678   3.687503
  64   64     2      2   2.821784     0.058137     0.469561   0.124282     0.065791     0.020270     0.127678   3.687503
  64   64     2      2   2.821784     0.058137     0.469561   0.124282     0.065791     0.020270     0.127678   3.687503
  64   64     2      2   2.821784     0.058137     0.469561   0.124282     0.065791     0.020270     0.127678   3.687503
  64   64     2      2   2.821784     0.058137     0.469561   0.124282     0.065791     0.020270     0.127678   3.687503
  45   45     4      2   1.741801     0.071811     0.353801   0.114287     0.082123     0.020997     0.173926   2.558746
  45   45     4      2   1.741801     0.071811     0.353801   0.114287     0.082123     0.020997     0.173926   2.558746
  45   45     4      2   1.741801     0.071811     0.353801   0.114287     0.082123     0.020997     0.173926   2.558746
  45   45     4      2   1.741801     0.071811     0.353801   0.114287     0.082123     0.020997     0.173926   2.558746
  45   45     4      2   1.741801     0.071811     0.353801   0.114287     0.082123     0.020997     0.173926   2.558746
  32   32     8      2   2.398110     0.059426     0.257612   0.107416     0.077722     0.018175     0.055782   2.974243
  32   32     8      2   2.398110     0.059426     0.257612   0.107416     0.077722     0.018175     0.055782   2.974243
  32   32     8      2   2.398110     0.059426     0.257612   0.107416     0.077722     0.018175     0.055782   2.974243
  32   32     8      2   2.398110     0.059426     0.257612   0.107416     0.077722     0.018175     0.055782   2.974243
  32   32     8      2   2.398110     0.059426     0.257612   0.107416     0.077722     0.018175     0.055782   2.974243
  26   26    12      2   1.067702     0.111134     0.220185   0.099238     0.091404     0.020676     0.143173   1.753512
  26   26    12      2   1.067702     0.111134     0.220185   0.099238     0.091404     0.020676     0.143173   1.753512
  26   26    12      2   1.067702     0.111134     0.220185   0.099238     0.091404     0.020676     0.143173   1.753512
  26   26    12      2   1.067702     0.111134     0.220185   0.099238     0.091404     0.020676     0.143173   1.753512
  26   26    12      2   1.067702     0.111134     0.220185   0.099238     0.091404     0.020676     0.143173   1.753512
  22   22    16      2   0.815989     0.073218     0.215293   0.111575     0.101878     0.016021     0.236709   1.570683
  22   22    16      2   0.815989     0.073218     0.215293   0.111575     0.101878     0.016021     0.236709   1.570683
  22   22    16      2   0.815989     0.073218     0.215293   0.111575     0.101878     0.016021     0.236709   1.570683
  22   22    16      2   0.815989     0.073218     0.215293   0.111575     0.101878     0.016021     0.236709   1.570683
  22   22    16      2   0.815989     0.073218     0.215293   0.111575     0.101878     0.016021     0.236709   1.570683
  64   64     1      4   4.486003     0.000000     0.517698   0.118217     0.000000     0.021479     0.071192   5.214590
  64   64     1      4   4.486003     0.000000     0.517698   0.118217     0.000000     0.021479     0.071192   5.214590
  64   64     1      4   4.486003     0.000000     0.517698   0.118217     0.000000     0.021479     0.071192   5.214590
  64   64     1      4   4.486003     0.000000     0.517698   0.118217     0.000000     0.021479     0.071192   5.214590
  64   64     1      4   4.486003     0.000000     0.517698   0.118217     0.000000     0.021479     0.071192   5.214590
  45   45     2      4   2.390798     0.127862     0.375189   0.113878     0.063561     0.021971     0.184371   3.277630
  45   45     2      4   2.390798     0.127862     0.375189   0.113878     0.063561     0.021971     0.184371   3.277630
  45   45     2      4   2.390798     0.127862     0.375189   0.113878     0.063561     0.021971     0.184371   3.277630
  45   45     2      4   2.390798     0.127862     0.375189   0.113878     0.063561     0.021971     0.184371   3.277630
  45   45     2      4   2.390798     0.127862     0.375189   0.113878     0.063561     0.021971     0.184371   3.277630
  32   32     4      4   1.316683     0.136094     0.266730   0.104455     0.077910     0.021855     0.460765   2.384492
  32   32     4      4   1.316683     0.136094     0.266730   0.104455     0.077910     0.021855     0.460765   2.384492
  32   32     4      4   1.316683     0.136094     0.266730   0.104455     0.077910     0.021855     0.460765   2.384492
  32   32     4      4   1.316683     0.136094     0.266730   0.104455     0.077910     0.021855     0.460765   2.384492
  32   32     4      4   1.316683     0.136094     0.266730   0.104455     0.077910     0.021855     0.460765   2.384492
  22   22     8      4   0.831829     0.169119     0.220610   0.108888     0.089012     0.016889     0.381748   1.818096
  22   22     8      4   0.831829     0.169119     0.220610   0.108888     0.089012     0.016889     0.381748   1.818096
  22   22     8      4   0.831829     0.169119     0.220610   0.108888     0.089012     0.016889     0.381748   1.818096
  22   22     8      4   0.831829     0.169119     0.220610   0.108888     0.089012     0.016889     0.381748   1.818096
  22   22     8      4   0.831829     0.169119     0.220610   0.108888     0.089012     0.016889     0.381748   1.818096
  18   18    12      4   0.514287     0.175351     0.182619   0.088146     0.090238     0.020026     0.485564   1.556231
  18   18    12      4   0.514287     0.175351     0.182619   0.088146     0.090238     0.020026     0.485564   1.556231
  18   18    12      4   0.514287     0.175351     0.182619   0.088146     0.090238     0.020026     0.485564   1.556231
  18   18    12      4   0.514287     0.175351     0.182619   0.088146     0.090238     0.020026     0.485564   1.556231
  18   18    12      4   0.514287     0.175351     0.182619   0.088146     0.090238     0.020026     0.485564   1.556231
  16   16    16      4   0.542325     0.235399     0.161391   0.088803     0.120508     0.022302     0.425571   1.596299
  16   16    16      4   0.542325     0.235399     0.161391   0.088803     0.120508     0.022302     0.425571   1.596299
  16   16    16      4   0.542325     0.235399     0.161391   0.088803     0.120508     0.022302     0.425571   1.596299
  16   16    16      4   0.542325     0.235399     0.161391   0.088803     0.120508     0.022302     0.425571   1.596299
  16   16    16      4   0.542325     0.235399     0.161391   0.088803     0.120508     0.022302     0.425571   1.596299
  45   45     1      8   3.944564     0.000000     0.472950   0.132579     0.000000     0.024755     0.066348   4.641195
  45   45     1      8   3.944564     0.000000     0.472950   0.132579     0.000000     0.024755     0.066348   4.641195
  45   45     1      8   3.944564     0.000000     0.472950   0.132579     0.000000     0.024755     0.066348   4.641195
  45   45     1      8   3.944564     0.000000     0.472950   0.132579     0.000000     0.024755     0.066348   4.641195
  45   45     1      8   3.944564     0.000000     0.472950   0.132579     0.000000     0.024755     0.066348   4.641195
  32   32     2      8   1.771088     0.209266     0.332555   0.118627     0.069388     0.022234     0.236158   2.759316
  32   32     2      8   1.771088     0.209266     0.332555   0.118627     0.069388     0.022234     0.236158   2.759316
  32   32     2      8   1.771088     0.209266     0.332555   0.118627     0.069388     0.022234     0.236158   2.759316
  32   32     2      8   1.771088     0.209266     0.332555   0.118627     0.069388     0.022234     0.236158   2.759316
  32   32     2      8   1.771088     0.209266     0.332555   0.118627     0.069388     0.022234     0.236158   2.759316
  22   22     4      8   1.060300     0.230164     0.264044   0.131754     0.092715     0.024287     0.434164   2.237428
  22   22     4      8   1.060300     0.230164     0.264044   0.131754     0.092715     0.024287     0.434164   2.237428
  22   22     4      8   1.060300     0.230164     0.264044   0.131754     0.092715     0.024287     0.434164   2.237428
  22   22     4      8   1.060300     0.230164     0.264044   0.131754     0.092715     0.024287     0.434164   2.237428
  22   22     4      8   1.060300     0.230164     0.264044   0.131754     0.092715     0.024287     0.434164   2.237428
  16   16     8      8   0.611779     0.222007     0.184454   0.096253     0.100403     0.022188     0.441222   1.678307
  16   16     8      8   0.611779     0.222007     0.184454   0.096253     0.100403     0.022188     0.441222   1.678307
  16   16     8      8   0.611779     0.222007     0.184454   0.096253     0.100403     0.022188     0.441222   1.678307
  16   16     8      8   0.611779     0.222007     0.184454   0.096253     0.100403     0.022188     0.441222   1.678307
  16   16     8      8   0.611779     0.222007     0.184454   0.096253     0.100403     0.022188     0.441222   1.678307
  13   13    12      8   0.628094     0.217028     0.152239   0.087875     0.107808     0.021451     0.351143   1.565638
  13   13    12      8   0.628094     0.217028     0.152239   0.087875     0.107808     0.021451     0.351143   1.565638
  13   13    12      8   0.628094     0.217028     0.152239   0.087875     0.107808     0.021451     0.351143   1.565638
  13   13    12      8   0.628094     0.217028     0.152239   0.087875     0.107808     0.021451     0.351143   1.565638
  13   13    12      8   0.628094     0.217028     0.152239   0.087875     0.107808     0.021451     0.351143   1.565638
  11   11    16      8   0.449216     0.233069     0.149486   0.116507     0.112564     0.023415     0.524364   1.608621
  11   11    16      8   0.449216     0.233069     0.149486   0.116507     0.112564     0.023415     0.524364   1.608621
  11   11    16      8   0.449216     0.233069     0.149486   0.116507     0.112564     0.023415     0.524364   1.608621
  11   11    16      8   0.449216     0.233069     0.149486   0.116507     0.112564     0.023415     0.524364   1.608621
  11   11    16      8   0.449216     0.233069     0.149486   0.116507     0.112564     0.023415     0.524364   1.608621
  32   32     1     16   2.960887     0.000000     0.508030   0.161952     0.000000     0.044460     0.101329   3.776658
  32   32     1     16   2.960887     0.000000     0.508030   0.161952     0.000000     0.044460     0.101329   3.776658
  32   32     1     16   2.960887     0.000000     0.508030   0.161952     0.000000     0.044460     0.101329   3.776658
  32   32     1     16   2.960887     0.000000     0.508030   0.161952     0.000000     0.044460     0.101329   3.776658
  32   32     1     16   2.960887     0.000000     0.508030   0.161952     0.000000     0.044460     0.101329   3.776658
  22   22     2     16   2.076395     0.321518     0.375143   0.165134     0.129704     0.044695     0.241112   3.353700
  22   22     2     16   2.076395     0.321518     0.375143   0.165134     0.129704     0.044695     0.241112   3.353700
  22   22     2     16   2.076395     0.321518     0.375143   0.165134     0.129704     0.044695     0.241112   3.353700
  22   22     2     16   2.076395     0.321518     0.375143   0.165134     0.129704     0.044695     0.241112   3.353700
  22   22     2     16   2.076395     0.321518     0.375143   0.165134     0.129704     0.044695     0.241112   3.353700
  16   16     4     16   0.812652     0.267243     0.264184   0.125231     0.127911     0.037782     0.372471   2.007474
  16   16     4     16   0.812652     0.267243     0.264184   0.125231     0.127911     0.037782     0.372471   2.007474
  16   16     4     16   0.812652     0.267243     0.264184   0.125231     0.127911     0.037782     0.372471   2.007474
  16   16     4     16   0.812652     0.267243     0.264184   0.125231     0.127911     0.037782     0.372471   2.007474
  16   16     4     16   0.812652     0.267243     0.264184   0.125231     0.127911     0.037782     0.372471   2.007474
  11   11     8     16   0.709327     0.331465     0.240210   0.150958     0.158266     0.044593     0.341919   1.976737
  11   11     8     16   0.709327     0.331465     0.240210   0.150958     0.158266     0.044593     0.341919   1.976737
  11   11     8     16   0.709327     0.331465     0.240210   0.150958     0.158266     0.044593     0.341919   1.976737
  11   11     8     16   0.709327     0.331465     0.240210   0.150958     0.158266     0.044593     0.341919   1.976737
  11   11     8     16   0.709327     0.331465     0.240210   0.150958     0.158266     0.044593     0.341919   1.976737
   9    9    12     16   0.727842     0.416536     0.190154   0.131487     0.165686     0.045261     0.154919   1.831885
   9    9    12     16   0.727842     0.416536     0.190154   0.131487     0.165686     0.045261     0.154919   1.831885
   9    9    12     16   0.727842     0.416536     0.190154   0.131487     0.165686     0.045261     0.154919   1.831885
   9    9    12     16   0.727842     0.416536     0.190154   0.131487     0.165686     0.045261     0.154919   1.831885
   9    9    12     16   0.727842     0.416536     0.190154   0.131487     0.165686     0.045261     0.154919   1.831885
   8    8    16     16   0.532276     0.756991     0.178271   0.140554     0.161708     0.043099     0.533308   2.346207
   8    8    16     16   0.532276     0.756991     0.178271   0.140554     0.161708     0.043099     0.533308   2.346207
   8    8    16     16   0.532276     0.756991     0.178271   0.140554     0.161708     0.043099     0.533308   2.346207
   8    8    16     16   0.532276     0.756991     0.178271   0.140554     0.161708     0.043099     0.533308   2.346207
   8    8    16     16   0.532276     0.756991     0.178271   0.140554     0.161708     0.043099     0.533308   2.346207
